SD: 25 150
1 212
2 208
3 196
4 207
5 207
6 207
7 208
8 210
9 210
10 200
11 205
12 209
13 215
14 190
15 186
16 201
17 212
18 174
19 210
20 207
21 160
22 209
23 224
24 154
25 216
26 207
27 206
28 208
29 206
30 206
31 207
32 207
33 209
34 206
35 206
36 206
37 207
38 205
39 203
40 207
41 208
42 207
43 210
44 208
45 198
46 186
47 210
48 201
49 207
50 204
51 207
52 205
53 207
54 209
55 206
56 201
57 207
58 206
59 208
60 206
61 208
62 194
63 208
64 214
65 197
66 193
67 213
68 217
69 208
70 222
71 224
72 166
73 213
74 220
75 199
76 212
77 206
78 207
79 211
80 210
81 206
82 209
83 208
84 208
85 207
86 207
87 205
88 208
89 208
90 208
91 207
92 207
93 207
94 207
95 206
96 204
97 205
98 205
99 213
100 205
101 217
102 208
103 209
104 213
105 215
106 200
107 211
108 211
109 208
110 200
111 207
112 190
113 199
114 211
115 215
116 215
117 211
118 210
119 205
120 169
121 199
122 214
123 214
124 218
125 173
126 222
127 212
128 208
129 211
130 212
131 209
132 210
133 211
134 211
135 210
136 208
137 205
138 207
139 208
140 210
141 208
142 203
143 205
144 204
145 180
146 205
147 208
148 208
149 217
150 206
151 223
152 217
153 211
154 209
155 207
156 211
157 210
158 211
159 213
160 213
161 208
162 215
163 220
164 200
165 215
166 215
167 175
168 224
169 182
170 152
171 218
172 207
173 207
174 217
175 196
176 222
17 219
178 214
179 209
180 212
181 211
182 210
183 212
184 210
185 210
186 208
187 208
188 211
189 211
190 208
191 170
192 199
193 204
194 192
195 207
196 207
197 211
198 217
199 208
200 207
201 223
202 224
203 224
204 219
205 210
206 214
207 212
208 210
209 209
210 208
211 215
212 187
213 186
214 224
215 199
216 205
217 155
218 177
219 219
220 213
221 208
222 207
223 213
224 217
225 205
226 222
227 224
228 224
229 224
230 221
231 220
232 215
233 211
234 208
235 209
236 213
237 201
238 209
239 213
240 194
241 203
242 148
243 192
244 208
245 206
246 206
247 208
248 208
249 214
250 210
251 220
252 224
253 222
254 220
255 220
256 224
257 218
258 212
259 208
260 210
261 214
262 205
263 224
264 214
265 176
266 223
267 169
268 188
269 212
270 213
271 193
272 212
273 199
274 211
275 212
276 223
277 223
278 224
279 222
280 220
281 224
282 221
283 211
284 210
285 212
286 213
287 206
288 210
289 203
290 177
291 204
292 184
293 207
294 210
295 205
296 201
297 209
298 212
299 212
300 210
301 217
302 220
303 223
304 223
305 220
306 224
307 224
308 210
309 212
310 213
311 215
312 202
313 205
314 204
315 180
316 190
317 185
318 222
319 208
320 187
321 176
322 216
323 217
324 213
325 209
326 212
327 217
328 224
329 223
330 223
331 220
332 221
333 210
334 215
335 217
336 212
337 201
338 204
339 208
340 194
341 203
342 188
343 207
344 208
345 200
346 180
347 208
348 214
349 215
350 210
351 224
352 224
353 220
354 219
355 215
356 217
357 218
358 211
359 218
360 219
361 215
362 200
363 202
364 212
365 192
366 220
367 170
368 216
369 207
370 208
371 201
372 213
373 214
374 216
375 211
376 194
377 215
378 215
379 216
380 215
381 217
382 218
383 215
384 219
385 220
386 215
387 210
388 205
389 209
390 199
391 214
392 192
393 208
394 207
395 186
396 208
397 211
398 215
399 214
400 210
401 82
402 139
403 217
404 217
405 213
406 217
407 218
408 219
409 220
410 220
411 218
412 218
413 196
414 206
415 196
416 219
417 210
418 215
419 213
420 144
421 207
422 216
423 210
424 215
425 215
426 60
427 91
428 213
429 209
430 210
431 211
432 215
433 220
434 219
435 217
436 217
437 211
438 196
439 210
440 210
441 213
442 207
443 212
444 208
445 143
446 195
447 210
448 222
449 212
450 206
451 90
452 89
453 210
454 211
455 224
456 209
457 213
458 221
459 220
460 220
461 217
462 210
463 203
464 223
465 215
466 212
467 206
468 213
469 219
470 162
471 190
472 181
473 222
474 217
475 181
476 88
477 89
478 155
479 197
480 217
481 203
482 209
483 215
484 213
485 212
486 214
487 211
488 212
489 215
490 215
491 213
492 216
493 213
494 194
495 177
496 202
497 202
498 224
499 210
500 205
501 88
502 90
503 79
504 135
505 144
506 199
507 186
508 216
509 221
510 218
511 216
512 211
513 219
514 218
515 220
516 213
517 223
518 213
519 150
520 191
521 207
522 192
523 218
524 213
525 220
526 87
527 88
528 68
529 86
530 95
531 191
532 204
533 201
534 194
535 208
536 208
537 208
538 215
539 216
540 219
541 215
542 224
543 217
544 205
545 210
546 197
547 205
548 217
549 210
550 207
551 85
552 85
553 88
554 78
555 86
556 103
557 218
558 189
559 164
560 164
561 218
562 207
563 220
564 215
565 218
566 217
567 224
568 222
569 221
570 224
571 187
572 204
573 209
574 210
575 203
576 84
577 84
578 87
579 81
580 87
581 80
582 186
583 207
584 191
585 148
586 206
587 204
588 210
589 215
590 212
591 211
592 219
593 220
594 213
595 212
596 211
597 216
598 215
599 212
600 207
601 84
602 83
603 86
604 85
605 88
606 94
607 110
608 202
609 194
610 158
611 208
612 150
613 224
614 220
615 207
616 205
617 212
618 219
619 217
620 212
621 223
622 222
623 215
624 213
625 218
626 83
627 83
628 84
629 82
630 85
631 86
632 71
633 152
634 167
635 174
636 178
637 94
638 204
639 213
640 205
641 205
642 208
643 215
644 212
645 210
646 218
647 218
648 215
649 214
650 207
651 82
652 83
653 83
654 84
655 84
656 84
657 87
658 81
659 128
660 176
661 96
662 79
663 140
664 205
665 224
666 200
667 207
668 212
669 210
670 210
671 220
672 220
673 205
674 220
675 179
676 82
677 84
678 83
679 83
680 82
681 83
682 84
683 67
684 111
685 120
686 66
687 77
688 113
689 164
690 209
691 208
692 204
693 207
694 205
695 208
696 215
697 215
698 213
699 214
700 187
701 82
702 84
703 82
704 82
705 80
706 83
707 82
708 83
709 84
710 74
711 85
712 80
713 76
714 98
715 113
716 201
717 224
718 220
719 183
720 199
721 209
722 212
723 212
724 212
725 196
726 82
727 84
728 80
729 83
730 80
731 82
732 81
733 82
734 73
735 67
736 83
737 75
738 69
739 73
740 58
741 160
742 205
743 208
744 196
745 205
746 208
747 209
748 209
749 212
750 213
751 82
752 83
753 82
754 82
755 81
756 81
757 81
758 82
759 82
760 80
761 81
762 80
763 80
764 80
765 71
766 105
767 155
768 169
769 209
770 215
771 212
772 206
773 207
774 211
775 218
776 81
777 82
778 81
779 80
780 80
781 80
782 80
783 81
784 80
785 79
786 80
787 78
788 78
789 79
790 69
791 74
792 109
793 140
794 183
795 192
796 203
797 205
798 207
799 210
800 210
801 81
802 83
803 80
804 79
805 80
806 79
807 79
808 79
809 78
810 77
811 78
812 77
813 76
814 78
815 78
816 80
817 75
818 95
819 117
820 138
821 205
822 210
823 212
824 208
825 208
826 79
827 83
828 80
829 80
830 80
831 78
832 78
833 78
834 78
835 77
836 77
837 77
838 75
839 77
840 76
841 75
842 65
843 59
844 80
845 108
846 194
847 208
848 204
849 208
850 207
851 81
852 82
853 80
854 80
855 80
856 77
857 80
858 78
859 78
860 76
861 76
862 77
863 75
864 75
865 74
866 76
867 75
868 70
869 78
870 95
871 138
872 210
873 201
874 220
875 213
876 84
877 81
878 81
879 80
880 79
881 77
882 79
883 79
884 77
885 75
886 75
887 75
888 77
889 75
890 73
891 75
892 74
893 73
894 68
895 73
896 85
897 160
898 184
899 213
900 205
901 80
902 80
903 78
904 79
905 79
906 77
907 78
908 79
909 76
910 75
911 75
912 74
913 76
914 75
915 74
916 74
917 73
918 73
919 74
920 74
921 65
922 73
923 115
924 163
925 201
926 79
927 78
928 78
929 78
930 78
931 77
932 79
933 78
934 76
935 75
936 76
937 74
938 73
939 75
940 78
941 73
942 73
943 74
944 74
945 74
946 68
947 48
948 68
949 133
950 190
951 78
952 77
953 78
954 78
955 78
956 78
957 78
958 76
959 76
960 75
961 76
962 74
963 75
964 74
965 74
966 72
967 74
968 73
969 74
970 73
971 72
972 73
973 70
974 94
975 135
976 79
977 78
978 79
979 78
980 77
981 78
982 77
983 76
984 76
985 75
986 76
987 75
988 75
989 74
990 74
991 73
992 74
993 72
994 74
995 73
996 72
997 71
998 63
999 63
1000 71
1001 81
1002 79
1003 79
1004 78
1005 76
1006 77
1007 76
1008 76
1009 75
1010 75
1011 75
1012 75
1013 73
1014 73
1015 75
1016 73
1017 73
1018 72
1019 71
1020 73
1021 72
1022 70
1023 70
1024 64
1025 63
1026 80
1027 79
1028 79
1029 79
1030 76
1031 78
1032 76
1033 76
1034 75
1035 74
1036 73
1037 75
1038 73
1039 73
1040 78
1041 73
1042 71
1043 72
1044 71
1045 71
1046 70
1047 68
1048 69
1049 64
1050 63
1051 79
1052 79
1053 79
1054 80
1055 78
1056 78
1057 77
1058 76
1059 76
1060 74
1061 73
1062 74
1063 73
1064 74
1065 73
1066 73
1067 71
1068 72
1069 71
1070 71
1071 69
1072 70
1073 68
1074 69
1075 70
1076 78
1077 79
1078 79
1079 78
1080 78
1081 79
1082 88
1083 76
1084 76
1085 75
1086 74
1087 74
1088 73
1089 73
1090 71
1091 73
1092 72
1093 71
1094 72
1095 71
1096 69
1097 69
1098 68
1099 68
1100 69
1101 78
1102 79
1103 78
1104 77
1105 78
1106 80
1107 78
1108 76
1109 76
1110 75
1111 74
1112 75
1113 73
1114 72
1115 72
1116 72
1117 73
1118 71
1119 71
1120 71
1121 69
1122 69
1123 67
1124 67
1125 68
1126 79
1127 79
1128 78
1129 78
1130 79
1131 79
1132 78
1133 77
1134 76
1135 74
1136 74
1137 74
1138 73
1139 72
1140 72
1141 72
1142 75
1143 72
1144 70
1145 71
1146 69
1147 69
1148 66
1149 67
1150 67
1151 79
1152 79
1153 78
1154 78
1155 78
1156 78
1157 77
1158 78
1159 76
1160 73
1161 74
1162 73
1163 72
1164 72
1165 72
1166 71
1167 73
1168 71
1169 69
1170 70
1171 69
1172 69
1173 66
1174 66
1175 67
1176 80
1177 80
1178 78
1179 78
1180 75
1181 78
1182 78
1183 78
1184 77
1185 73
1186 73
1187 73
1188 65
1189 70
1190 73
1191 71
1192 72
1193 70
1194 69
1195 70
1196 69
1197 69
1198 66
1199 65
1200 66
1201 81
1202 80
1203 78
1204 79
1205 78
1206 78
1207 79
1208 77
1209 76
1210 74
1211 73
1212 73
1213 71
1214 71
1215 73
1216 71
1217 71
1218 70
1219 69
1220 69
1221 68
1222 68
1223 66
1224 65
1225 65
1226 81
1227 80
1228 78
1229 79
1230 79
1231 78
1232 80
1233 76
1234 75
1235 76
1236 73
1237 73
1238 72
1239 72
1240 73
1241 72
1242 71
1243 69
1244 68
1245 68
1246 68
1247 67
1248 66
1249 65
1250 65
1251 81
1252 80
1253 78
1254 79
1255 80
1256 79
1257 79
1258 76
1259 75
1260 76
1261 75
1262 73
1263 73
1264 73
1265 72
1266 72
1267 70
1268 68
1269 68
1270 67
1271 69
1272 67
1273 67
1274 65
1275 66
1276 80
1277 79
1278 79
1279 80
1280 79
1281 79
1282 79
1283 72
1284 75
1285 76
1286 76
1287 74
1288 73
1289 71
1290 71
1291 71
1292 70
1293 68
1294 67
1295 66
1296 69
1297 67
1298 66
1299 64
1300 65
1301 82
1302 80
1303 79
1304 79
1305 80
1306 79
1307 78
1308 79
1309 76
1310 73
1311 73
1312 74
1313 72
1314 71
1315 71
1316 70
1317 69
1318 68
1319 66
1320 66
1321 68
1322 65
1323 64
1324 63
1325 64
1326 81
1327 79
1328 80
1329 80
1330 80
1331 80
1332 78
1333 85
1334 75
1335 72
1336 73
1337 73
1338 71
1339 71
1340 71
1341 69
1342 69
1343 69
1344 66
1345 66
1346 69
1347 64
1348 64
1349 64
1350 64
1351 80
1352 78
1353 81
1354 80
1355 79
1356 79
1357 77
1358 79
1359 76
1360 76
1361 73
1362 73
1363 73
1364 71
1365 70
1366 70
1367 68
1368 70
1369 67
1370 65
1371 67
1372 64
1373 64
1374 64
1375 63
1376 81
1377 79
1378 80
1379 80
1380 79
1381 79
1382 77
1383 78
1384 76
1385 76
1386 73
1387 72
1388 73
1389 71
1390 68
1391 70
1392 69
1393 69
1394 67
1395 65
1396 64
1397 64
1398 64
1399 65
1400 61
1401 83
1402 80
1403 80
1404 80
1405 79
1406 79
1407 77
1408 77
1409 76
1410 76
1411 74
1412 72
1413 73
1414 71
1415 72
1416 69
1417 70
1418 69
1419 67
1420 66
1421 63
1422 64
1423 63
1424 64
1425 61
1426 83
1427 81
1428 80
1429 81
1430 80
1431 79
1432 77
1433 77
1434 77
1435 76
1436 75
1437 73
1438 73
1439 72
1440 72
1441 69
1442 71
1443 69
1444 66
1445 66
1446 63
1447 64
1448 64
1449 63
1450 62
1451 83
1452 81
1453 80
1454 82
1455 80
1456 79
1457 77
1458 76
1459 77
1460 76
1461 75
1462 73
1463 72
1464 71
1465 71
1466 70
1467 71
1468 69
1469 66
1470 66
1471 64
1472 64
1473 64
1474 63
1475 63
1476 83
1477 81
1478 80
1479 81
1480 79
1481 78
1482 76
1483 77
1484 77
1485 75
1486 74
1487 72
1488 72
1489 71
1490 64
1491 71
1492 71
1493 69
1494 67
1495 66
1496 64
1497 64
1498 64
1499 64
1500 62
1501 82
1502 82
1503 81
1504 80
1505 79
1506 77
1507 76
1508 77
1509 76
1510 74
1511 73
1512 72
1513 73
1514 71
1515 70
1516 71
1517 70
1518 69
1519 67
1520 66
1521 64
1522 64
1523 65
1524 63
1525 61
1526 82
1527 84
1528 81
1529 80
1530 79
1531 78
1532 76
1533 76
1534 75
1535 74
1536 74
1537 72
1538 73
1539 72
1540 70
1541 72
1542 70
1543 70
1544 67
1545 66
1546 63
1547 64
1548 64
1549 61
1550 61
1551 83
1552 85
1553 80
1554 79
1555 80
1556 80
1557 77
1558 76
1559 75
1560 75
1561 74
1562 73
1563 72
1564 73
1565 72
1566 71
1567 71
1568 70
1569 66
1570 66
1571 64
1572 64
1573 63
1574 61
1575 61
1576 85
1577 90
1578 80
1579 81
1580 80
1581 80
1582 78
1583 78
1584 73
1585 75
1586 74
1587 73
1588 72
1589 73
1590 72
1591 71
1592 71
1593 69
1594 64
1595 66
1596 65
1597 65
1598 63
1599 62
1600 61
1601 85
1602 83
1603 82
1604 84
1605 80
1606 79
1607 77
1608 78
1609 75
1610 75
1611 75
1612 73
1613 72
1614 73
1615 72
1616 72
1617 71
1618 69
1619 69
1620 67
1621 66
1622 64
1623 62
1624 62
1625 60
1626 86
1627 75
1628 83
1629 89
1630 80
1631 79
1632 77
1633 79
1634 78
1635 75
1636 78
1637 73
1638 72
1639 73
1640 73
1641 73
1642 71
1643 68
1644 69
1645 67
1646 65
1647 64
1648 62
1649 63
1650 60
1651 85
1652 83
1653 84
1654 83
1655 81
1656 79
1657 78
1658 80
1659 77
1660 75
1661 73
1662 73
1663 72
1664 72
1665 74
1666 73
1667 71
1668 68
1669 68
1670 68
1671 64
1672 65
1673 63
1674 63
1675 61
1676 84
1677 84
1678 85
1679 83
1680 81
1681 80
1682 80
1683 80
1684 76
1685 75
1686 73
1687 73
1688 74
1689 72
1690 73
1691 72
1692 72
1693 68
1694 69
1695 67
1696 65
1697 64
1698 63
1699 62
1700 61
1701 84
1702 85
1703 85
1704 82
1705 80
1706 82
1707 82
1708 79
1709 77
1710 75
1711 73
1712 74
1713 75
1714 72
1715 74
1716 70
1717 71
1718 68
1719 69
1720 66
1721 65
1722 64
1723 61
1724 61
1725 60
1726 85
1727 87
1728 85
1729 77
1730 81
1731 81
1732 80
1733 79
1734 78
1735 76
1736 74
1737 77
1738 75
1739 73
1740 75
1741 70
1742 71
1743 69
1744 69
1745 70
1746 65
1747 64
1748 62
1749 62
1750 61
1751 86
1752 88
1753 85
1754 83
1755 82
1756 80
1757 79
1758 79
1759 78
1760 77
1761 75
1762 74
1763 74
1764 74
1765 75
1766 71
1767 70
1768 70
1769 69
1770 68
1771 65
1772 64
1773 64
1774 63
1775 61
1776 87
1777 86
1778 84
1779 83
1780 85
1781 81
1782 80
1783 80
1784 78
1785 79
1786 76
1787 75
1788 73
1789 74
1790 73
1791 71
1792 63
1793 71
1794 69
1795 68
1796 68
1797 64
1798 65
1799 63
1800 61
1801 87
1802 86
1803 84
1804 85
1805 83
1806 81
1807 82
1808 81
1809 78
1810 80
1811 77
1812 76
1813 74
1814 74
1815 72
1816 73
1817 70
1818 71
1819 69
1820 69
1821 66
1822 64
1823 64
1824 63
1825 61
1826 87
1827 87
1828 85
1829 86
1830 82
1831 82
1832 81
1833 80
1834 79
1835 79
1836 77
1837 76
1838 75
1839 74
1840 70
1841 73
1842 71
1843 71
1844 68
1845 69
1846 67
1847 64
1848 64
1849 63
1850 61
1851 88
1852 87
1853 86
1854 85
1855 83
1856 82
1857 80
1858 80
1859 79
1860 78
1861 78
1862 76
1863 75
1864 75
1865 72
1866 73
1867 71
1868 71
1869 68
1870 68
1871 66
1872 64
1873 64
1874 63
1875 61
1876 89
1877 86
1878 86
1879 85
1880 83
1881 82
1882 80
1883 81
1884 79
1885 79
1886 78
1887 78
1888 72
1889 74
1890 73
1891 74
1892 71
1893 70
1894 69
1895 69
1896 66
1897 65
1898 64
1899 63
1900 61
1901 91
1902 88
1903 86
1904 85
1905 83
1906 82
1907 80
1908 82
1909 79
1910 80
1911 78
1912 78
1913 76
1914 72
1915 75
1916 75
1917 71
1918 70
1919 69
1920 71
1921 67
1922 64
1923 63
1924 64
1925 61
1926 92
1927 91
1928 86
1929 85
1930 83
1931 84
1932 81
1933 82
1934 80
1935 81
1936 78
1937 78
1938 77
1939 73
1940 76
1941 74
1942 71
1943 71
1944 69
1945 71
1946 69
1947 64
1948 64
1949 63
1950 61
1951 93
1952 95
1953 89
1954 86
1955 82
1956 84
1957 81
1958 82
1959 81
1960 80
1961 80
1962 78
1963 77
1964 74
1965 76
1966 73
1967 71
1968 71
1969 69
1970 70
1971 69
1972 65
1973 65
1974 63
1975 62
1976 99
1977 98
1978 93
1979 86
1980 78
1981 84
1982 82
1983 82
1984 82
1985 82
1986 81
1987 79
1988 76
1989 76
1990 75
1991 74
1992 72
1993 71
1994 69
1995 69
1996 68
1997 66
1998 65
1999 63
2000 61
2001 103
2002 96
2003 95
2004 87
2005 83
2006 85
2007 85
2008 82
2009 83
2010 81
2011 82
2012 80
2013 76
2014 77
2015 76
2016 75
2017 72
2018 71
2019 69
2020 69
2021 67
2022 64
2023 64
2024 62
2025 61
2026 110
2027 90
2028 99
2029 85
2030 85
2031 85
2032 95
2033 82
2034 87
2035 81
2036 81
2037 80
2038 76
2039 77
2040 76
2041 75
2042 73
2043 71
2044 70
2045 68
2046 67
2047 64
2048 64
2049 61
2050 61
2051 105
2052 102
2053 100
2054 92
2055 87
2056 86
2057 88
2058 82
2059 81
2060 80
2061 80
2062 80
2063 76
2064 76
2065 76
2066 75
2067 73
2068 71
2069 71
2070 68
2071 66
2072 66
2073 64
2074 61
2075 62
2076 101
2077 105
2078 108
2079 97
2080 82
2081 86
2082 88
2083 83
2084 81
2085 82
2086 78
2087 81
2088 78
2089 76
2090 76
2091 75
2092 73
2093 71
2094 71
2095 68
2096 66
2097 63
2098 64
2099 63
2100 63
2101 107
2102 98
2103 124
2104 101
2105 94
2106 88
2107 87
2108 85
2109 81
2110 86
2111 80
2112 81
2113 78
2114 77
2115 77
2116 75
2117 74
2118 73
2119 70
2120 69
2121 68
2122 66
2123 65
2124 64
2125 63
2126 121
2127 96
2128 113
2129 100
2130 114
2131 93
2132 89
2133 89
2134 80
2135 85
2136 81
2137 80
2138 78
2139 78
2140 78
2141 75
2142 75
2143 74
2144 71
2145 69
2146 68
2147 68
2148 65
2149 63
2150 63
2151 150
2152 131
2153 102
2154 92
2155 124
2156 96
2157 94
2158 94
2159 91
2160 84
2161 81
2162 79
2163 79
2164 80
2165 82
2166 75
2167 76
2168 75
2169 73
2170 70
2171 68
2172 68
2173 65
2174 63
2175 63
2176 201
2177 206
2178 127
2179 92
2180 103
2181 97
2182 108
2183 103
2184 107
2185 85
2186 85
2187 80
2188 80
2189 80
2190 105
2191 76
2192 77
2193 76
2194 75
2195 70
2196 69
2197 68
2198 63
2199 63
2200 64
2201 217
2202 224
2203 166
2204 113
2205 107
2206 94
2207 102
2208 96
2209 100
2210 89
2211 104
2212 82
2213 80
2214 98
2215 91
2216 76
2217 80
2218 80
2219 80
2220 72
2221 69
2222 67
2223 66
2224 64
2225 63
2226 205
2227 214
2228 216
2229 128
2230 145
2231 90
2232 81
2233 87
2234 94
2235 84
2236 135
2237 84
2238 72
2239 105
2240 85
2241 75
2242 81
2243 83
2244 90
2245 72
2246 68
2247 67
2248 65
2249 64
2250 63
2251 207
2252 218
2253 224
2254 146
2255 180
2256 121
2257 96
2258 94
2259 107
2260 83
2261 102
2262 85
2263 85
2264 92
2265 82
2266 68
2267 80
2268 82
2269 84
2270 73
2271 68
2272 69
2273 66
2274 66
2275 64
2276 207
2277 213
2278 215
2279 214
2280 210
2281 186
2282 145
2283 116
2284 100
2285 88
2286 86
2287 86
2288 91
2289 100
2290 81
2291 75
2292 79
2293 76
2294 81
2295 74
2296 70
2297 68
2298 67
2299 66
2300 66
2301 207
2302 207
2303 218
2304 224
2305 218
2306 211
2307 180
2308 147
2309 118
2310 103
2311 98
2312 88
2313 97
2314 128
2315 84
2316 80
2317 77
2318 79
2319 79
2320 73
2321 71
2322 67
2323 68
2324 64
2325 66
2326 207
2327 205
2328 210
2329 209
2330 206
2331 205
2332 193
2333 209
2334 198
2335 103
2336 106
2337 90
2338 98
2339 133
2340 83
2341 83
2342 78
2343 79
2344 75
2345 70
2346 71
2347 68
2348 67
2349 62
2350 65
2351 207
2352 207
2353 195
2354 208
2355 208
2356 213
2357 177
2358 224
2359 224
2360 130
2361 111
2362 99
2363 91
2364 116
2365 92
2366 87
2367 82
2368 80
2369 76
2370 70
2371 70
2372 69
2373 66
2374 63
2375 66
2376 207
2377 204
2378 203
2379 206
2380 207
2381 207
2382 192
2383 206
2384 205
2385 195
2386 128
2387 97
2388 105
2389 109
2390 91
2391 92
2392 87
2393 81
2394 78
2395 73
2396 69
2397 69
2398 67
2399 67
2400 66
2401 207
2402 205
2403 210
2404 204
2405 207
2406 207
2407 192
2408 211
2409 207
2410 220
2411 154
2412 115
2413 115
2414 105
2415 96
2416 93
2417 94
2418 85
2419 79
2420 76
2421 74
2422 69
2423 69
2424 68
2425 66
2426 207
2427 205
2428 205
2429 207
2430 208
2431 207
2432 203
2433 207
2434 207
2435 203
2436 207
2437 130
2438 110
2439 107
2440 93
2441 89
2442 90
2443 88
2444 79
2445 80
2446 75
2447 70
2448 70
2449 69
2450 66
2451 207
2452 205
2453 205
2454 210
2455 210
2456 207
2457 188
2458 207
2459 208
2460 202
2461 223
2462 148
2463 129
2464 116
2465 111
2466 101
2467 79
2468 88
2469 79
2470 85
2471 72
2472 75
2473 71
2474 70
2475 66
2476 207
2477 205
2478 204
2479 209
2480 212
2481 208
2482 203
2483 207
2484 207
2485 205
2486 205
2487 203
2488 163
2489 130
2490 117
2491 105
2492 87
2493 83
2494 77
2495 81
2496 85
2497 79
2498 74
2499 72
2500 68
2501 207
2502 204
2503 204
2504 208
2505 214
2506 210
2507 205
2508 207
2509 207
2510 206
2511 205
2512 220
2513 179
2514 149
2515 140
2516 129
2517 116
2518 87
2519 83
2520 81
2521 99
2522 84
2523 75
2524 74
2525 72
2526 207
2527 203
2528 204
2529 207
2530 212
2531 212
2532 207
2533 208
2534 207
2535 207
2536 205
2537 203
2538 205
2539 165
2540 174
2541 151
2542 138
2543 94
2544 80
2545 78
2546 97
2547 88
2548 75
2549 73
2550 74
2551 207
2552 196
2553 212
2554 207
2555 210
2556 213
2557 209
2558 210
2559 206
2560 207
2561 205
2562 195
2563 219
2564 169
2565 196
2566 172
2567 164
2568 134
2569 104
2570 82
2571 82
2572 87
2573 70
2574 71
2575 73
2576 208
2577 203
2578 203
2579 207
2580 212
2581 217
2582 212
2583 210
2584 207
2585 207
2586 206
2587 203
2588 204
2589 202
2590 201
2591 196
2592 203
2593 193
2594 151
2595 85
2596 84
2597 85
2598 75
2599 73
2600 73
2601 209
2602 196
2603 201
2604 207
2605 215
2606 221
2607 215
2608 209
2609 208
2610 207
2611 212
2612 210
2613 205
2614 215
2615 207
2616 199
2617 222
2618 216
2619 186
2620 112
2621 98
2622 85
2623 75
2624 77
2625 73
2626 208
2627 203
2628 194
2629 205
2630 215
2631 218
2632 213
2633 212
2634 207
2635 207
2636 205
2637 204
2638 205
2639 205
2640 203
2641 203
2642 205
2643 203
2644 208
2645 161
2646 111
2647 111
2648 78
2649 75
2650 71
2651 208
2652 214
2653 170
2654 212
2655 214
2656 215
2657 211
2658 215
2659 207
2660 207
2661 195
2662 204
2663 205
2664 205
2665 204
2666 185
2667 206
2668 210
2669 210
2670 183
2671 137
2672 144
2673 121
2674 109
2675 79
2676 209
2677 205
2678 190
2679 203
2680 210
2681 212
2682 210
2683 215
2684 208
2685 207
2686 205
2687 204
2688 206
2689 205
2690 204
2691 203
2692 205
2693 205
2694 203
2695 207
2696 166
2697 151
2698 169
2699 138
2700 98
2701 210
2702 206
2703 186
2704 196
2705 207
2706 210
2707 209
2708 216
2709 208
2710 212
2711 204
2712 188
2713 206
2714 205
2715 204
2716 195
2717 205
2718 205
2719 209
2720 218
2721 176
2722 152
2723 206
2724 156
2725 128
2726 212
2727 207
2728 203
2729 203
2730 205
2731 208
2732 209
2733 213
2734 208
2735 208
2736 207
2737 205
2738 207
2739 205
2740 203
2741 203
2742 206
2743 205
2744 204
2745 205
2746 200
2747 184
2748 197
2749 174
2750 144
2751 212
2752 207
2753 200
2754 207
2755 205
2756 207
2757 210
2758 212
2759 215
2760 222
2761 201
2762 211
2763 208
2764 208
2765 203
2766 206
2767 207
2768 205
2769 204
2770 205
2771 202
2772 192
2773 186
2774 169
2775 169
2776 212
2777 206
2778 203
2779 204
2780 208
2781 210
2782 208
2783 214
2784 218
2785 207
2786 208
2787 206
2788 207
2789 205
2790 203
2791 204
2792 207
2793 205
2794 204
2795 205
2796 204
2797 192
2798 182
2799 179
2800 179
2801 212
2802 206
2803 201
2804 204
2805 210
2806 213
2807 207
2808 217
2809 223
2810 192
2811 218
2812 207
2813 207
2814 205
2815 203
2816 205
2817 205
2818 209
2819 208
2820 205
2821 212
2822 195
2823 172
2824 192
2825 172
2826 212
2827 206
2828 203
2829 204
2830 208
2831 211
2832 206
2833 215
2834 222
2835 196
2836 208
2837 207
2838 206
2839 205
2840 204
2841 205
2842 205
2843 204
2844 203
2845 205
2846 205
2847 199
2848 185
2849 180
2850 167
2851 211
2852 206
2853 205
2854 204
2855 205
2856 209
2857 192
2858 214
2859 216
2860 195
2861 211
2862 210
2863 208
2864 205
2865 204
2866 205
2867 205
2868 204
2869 190
2870 205
2871 210
2872 201
2873 190
2874 142
2875 161
2876 212
2877 207
2878 204
2879 204
2880 206
2881 215
2882 210
2883 217
2884 212
2885 207
2886 208
2887 210
2888 206
2889 205
2890 205
2891 205
2892 205
2893 203
2894 202
2895 205
2896 205
2897 202
2898 203
2899 128
2900 133
2901 213
2902 207
2903 204
2904 205
2905 207
2906 221
2907 218
2908 220
2909 208
2910 213
2911 210
2912 213
2913 207
2914 205
2915 205
2916 206
2917 205
2918 187
2919 212
2920 206
2921 211
2922 202
2923 213
2924 125
2925 132
2926 212
2927 207
2928 204
2929 204
2930 207
2931 220
2932 213
2933 218
2934 210
2935 208
2936 208
2937 210
2938 207
2939 205
2940 205
2941 206
2942 205
2943 203
2944 203
2945 205
2946 205
2947 202
2948 202
2949 131
2950 118
2951 211
2952 208
2953 205
2954 205
2955 207
2956 220
2957 210
2958 215
2959 213
2960 208
2961 194
2962 208
2963 207
2964 206
2965 207
2966 206
2967 207
2968 210
2969 215
2970 206
2971 204
2972 200
2973 195
2974 137
2975 131
2976 211
2977 208
2978 205
2979 205
2980 207
2981 216
2982 208
2983 216
2984 215
2985 212
2986 207
2987 207
2988 207
2989 205
2990 205
2991 205
2992 205
2993 203
2994 203
2995 205
2996 204
2997 199
2998 190
2999 154
3000 144
3001 210
3002 208
3003 205
3004 205
3005 207
3006 212
3007 207
3008 216
3009 217
3010 217
3011 198
3012 206
3013 207
3014 205
3015 208
3016 202
3017 199
3018 202
3019 189
3020 210
3021 199
3022 197
3023 177
3024 170
3025 158
3026 211
3027 208
3028 205
3029 205
3030 206
3031 208
3032 206
3033 217
3034 219
3035 219
3036 208
3037 205
3038 207
3039 206
3040 205
3041 205
3042 204
3043 203
3044 192
3045 203
3046 203
3047 194
3048 184
3049 164
3050 178
3051 212
3052 208
3053 205
3054 205
3055 206
3056 207
3057 212
3058 218
3059 222
3060 222
3061 215
3062 208
3063 207
3064 206
3065 206
3066 205
3067 198
3068 193
3069 177
3070 201
3071 203
3072 192
3073 184
3074 130
3075 165
3076 213
3077 209
3078 205
3079 205
3080 207
3081 205
3082 203
3083 215
3084 221
3085 222
3086 211
3087 205
3088 206
3089 207
3090 207
3091 205
3092 203
3093 203
3094 202
3095 203
3096 203
3097 184
3098 199
3099 87
3100 142
3101 215
3102 209
3103 206
3104 206
3105 208
3106 203
3107 160
3108 213
3109 220
3110 223
3111 213
3112 205
3113 205
3114 208
3115 207
3116 205
3117 201
3118 203
3119 203
3120 207
3121 209
3122 169
3123 215
3124 94
3125 122
3126 213
3127 209
3128 207
3129 207
3130 212
3131 207
3132 188
3133 213
3134 217
3135 218
3136 215
3137 207
3138 205
3139 207
3140 207
3141 205
3142 203
3143 203
3144 205
3145 204
3146 196
3147 193
3148 207
3149 88
3150 114
3151 212
3152 208
3153 207
3154 207
3155 216
3156 214
3157 188
3158 213
3159 213
3160 213
3161 215
3162 208
3163 206
3164 206
3165 207
3166 206
3167 208
3168 182
3169 207
3170 210
3171 168
3172 194
3173 201
3174 93
3175 131
3176 212
3177 209
3178 207
3179 207
3180 216
3181 212
3182 205
3183 210
3184 211
3185 210
3186 213
3187 208
3188 206
3189 206
3190 206
3191 204
3192 209
3193 205
3194 208
3195 204
3196 195
3197 203
3198 207
3199 66
3200 177
3201 210
3202 209
3203 207
3204 207
3205 217
3206 213
3207 215
3208 207
3209 210
3210 207
3211 210
3212 207
3213 205
3214 206
3215 205
3216 205
3217 215
3218 212
3219 210
3220 211
3221 208
3222 191
3223 201
3224 88
3225 184
3226 210
3227 209
3228 207
3229 207
3230 213
3231 212
3232 210
3233 208
3234 210
3235 207
3236 208
3237 210
3238 206
3239 206
3240 205
3241 204
3242 215
3243 206
3244 208
3245 203
3246 194
3247 201
3248 211
3249 78
3250 177
3251 210
3252 209
3253 207
3254 207
3255 210
3256 210
3257 213
3258 208
3259 211
3260 207
3261 207
3262 212
3263 207
3264 208
3265 210
3266 187
3267 216
3268 206
3269 210
3270 201
3271 184
3272 195
3273 217
3274 103
3275 110
3276 210
3277 208
3278 206
3279 207
3280 208
3281 208
3282 213
3283 212
3284 215
3285 210
3286 208
3287 210
3288 207
3289 211
3290 203
3291 201
3292 211
3293 206
3294 205
3295 204
3296 186
3297 205
3298 215
3299 100
3300 117
3301 210
3302 207
3303 206
3304 207
3305 207
3306 207
3307 215
3308 214
3309 220
3310 212
3311 210
3312 209
3313 208
3314 223
3315 196
3316 197
3317 207
3318 207
3319 205
3320 211
3321 182
3322 224
3323 224
3324 107
3325 129
3326 210
3327 208
3328 207
3329 207
3330 207
3331 207
3332 211
3333 214
3334 215
3335 216
3336 215
3337 209
3338 207
3339 217
3340 204
3341 212
3342 207
3343 207
3344 205
3345 206
3346 191
3347 205
3348 217
3349 101
3350 110
3351 210
3352 208
3353 207
3354 207
3355 206
3356 207
3357 208
3358 215
3359 210
3360 219
3361 220
3362 208
3363 207
3364 217
3365 205
3366 218
3367 208
3368 207
3369 205
3370 212
3371 190
3372 179
3373 224
3374 107
3375 112
3376 210
3377 208
3378 206
3379 207
3380 207
3381 207
3382 206
3383 211
3384 211
3385 220
3386 218
3387 208
3388 205
3389 211
3390 205
3391 213
3392 207
3393 206
3394 205
3395 197
3396 203
3397 197
3398 210
3399 111
3400 166
3401 209
3402 207
3403 205
3404 207
3405 207
3406 206
3407 205
3408 208
3409 212
3410 220
3411 215
3412 208
3413 199
3414 205
3415 206
3416 212
3417 207
3418 206
3419 205
3420 161
3421 214
3422 204
3423 192
3424 123
3425 128
3426 210
3427 208
3428 204
3429 207
3430 207
3431 207
3432 205
3433 210
3434 215
3435 215
3436 213
3437 208
3438 209
3439 205
3440 207
3441 208
3442 206
3443 206
3444 205
3445 184
3446 203
3447 205
3448 192
3449 141
3450 110
3451 211
3452 209
3453 188
3454 206
3455 207
3456 207
3457 205
3458 212
3459 218
3460 209
3461 210
3462 207
3463 213
3464 207
3465 208
3466 205
3467 205
3468 206
3469 210
3470 174
3471 190
3472 210
3473 184
3474 137
3475 115
3476 213
3477 217
3478 197
3479 205
3480 206
3481 206
3482 204
3483 213
3484 217
3485 209
3486 212
3487 207
3488 212
3489 206
3490 208
3491 206
3492 205
3493 205
3494 203
3495 192
3496 204
3497 207
3498 189
3499 120
3500 123
3501 215
3502 223
3503 188
3504 210
3505 206
3506 205
3507 196
3508 213
3509 215
3510 210
3511 213
3512 206
3513 210
3514 206
3515 208
3516 207
3517 206
3518 205
3519 186
3520 197
3521 213
3522 208
3523 172
3524 110
3525 139
3526 216
3527 224
3528 207
3529 205
3530 206
3531 205
3532 203
3533 212
3534 211
3535 210
3536 215
3537 208
3538 208
3539 205
3540 207
3541 207
3542 205
3543 205
3544 202
3545 203
3546 204
3547 208
3548 208
3549 108
3550 169
3551 217
3552 224
3553 218
3554 206
3555 213
3556 212
3557 186
3558 211
3559 207
3560 211
3561 216
3562 212
3563 207
3564 205
3565 206
3566 207
3567 205
3568 205
3569 195
3570 204
3571 190
3572 207
3573 224
3574 119
3575 159
3576 215
3577 224
3578 210
3579 207
3580 207
3581 205
3582 202
3583 210
3584 208
3585 212
3586 215
3587 210
3588 206
3589 205
3590 207
3591 207
3592 206
3593 205
3594 203
3595 203
3596 204
3597 207
3598 206
3599 121
3600 110
3601 213
3602 224
3603 211
3604 207
3605 209
3606 205
3607 201
3608 215
3609 209
3610 213
3611 213
3612 209
3613 206
3614 205
3615 208
3616 207
3617 207
3618 207
3619 202
3620 191
3621 205
3622 212
3623 163
3624 130
3625 101
3626 212
3627 218
3628 210
3629 207
3630 208
3631 206
3632 203
3633 209
3634 209
3635 212
3636 210
3637 208
3638 206
3639 205
3640 208
3641 207
3642 207
3643 204
3644 203
3645 203
3646 204
3647 205
3648 177
3649 144
3650 98
3651 211
3652 210
3653 208
3654 207
3655 208
3656 207
3657 206
3658 212
3659 209
3660 212
3661 208
3662 207
3663 207
3664 206
3665 208
3666 206
3667 207
3668 204
3669 204
3670 205
3671 211
3672 190
3673 161
3674 129
3675 109
3676 212
3677 209
3678 208
3679 207
3680 207
3681 207
3682 205
3683 209
3684 211
3685 212
3686 208
3687 206
3688 206
3689 206
3690 212
3691 206
3692 206
3693 204
3694 203
3695 203
3696 208
3697 212
3698 198
3699 116
3700 108
3701 213
3702 208
3703 207
3704 207
3705 207
3706 207
3707 213
3708 213
3709 212
3710 212
3711 208
3712 205
3713 205
3714 206
3715 214
3716 207
3717 206
3718 206
3719 202
3720 214
3721 215
3722 222
3723 204
3724 115
3725 120
3726 213
3727 208
3728 207
3729 207
3730 207
3731 207
3732 206
3733 207
3734 211
3735 212
3736 210
3737 205
3738 205
3739 207
3740 215
3741 207
3742 206
3743 204
3744 203
3745 203
3746 212
3747 216
3748 203
3749 122
3750 130