SD: 25 150
1 220
2 220
3 221
4 220
5 220
6 220
7 220
8 220
9 220
10 220
11 220
12 219
13 220
14 195
15 214
16 208
17 223
18 182
19 213
20 200
21 165
22 199
23 224
24 169
25 224
26 220
27 220
28 220
29 220
30 220
31 220
32 220
33 220
34 220
35 220
36 220
37 220
38 217
39 208
40 212
41 216
42 220
43 209
44 217
45 212
46 194
47 194
48 220
49 201
50 222
51 220
52 220
53 220
54 220
55 220
56 220
57 220
58 220
59 220
60 220
61 220
62 218
63 220
64 214
65 217
66 220
67 222
68 222
69 223
70 221
71 184
72 220
73 221
74 224
75 186
76 220
77 220
78 220
79 220
80 220
81 220
82 220
83 220
84 220
85 220
86 220
87 220
88 220
89 220
90 218
91 217
92 219
93 220
94 220
95 217
96 209
97 206
98 220
99 220
100 212
101 220
102 220
103 220
104 220
105 220
106 220
107 220
108 220
109 220
110 218
111 220
112 220
113 218
114 220
115 220
116 218
117 213
118 224
119 217
120 204
121 213
122 224
123 220
124 220
125 189
126 220
127 220
128 220
129 220
130 220
131 220
132 220
133 220
134 220
135 217
136 220
137 220
138 218
139 220
140 220
141 220
142 203
143 220
144 215
145 201
146 218
147 220
148 220
149 220
150 209
151 220
152 220
153 220
154 220
155 220
156 220
157 220
158 220
159 220
160 218
161 220
162 220
163 218
164 220
165 220
166 218
167 174
168 222
169 209
170 170
171 214
172 219
173 220
174 220
175 213
176 220
177 220
178 220
179 220
180 220
181 220
182 220
183 220
184 220
185 220
186 218
187 220
188 220
189 220
190 217
191 184
192 213
193 220
194 206
195 212
196 216
197 220
198 220
199 213
200 197
201 233
202 224
203 220
204 220
205 220
206 220
207 220
208 220
209 220
210 220
211 220
212 218
213 219
214 220
215 220
216 215
217 174
218 210
219 220
220 223
221 217
222 217
223 218
224 219
225 217
226 154
227 222
228 220
229 220
230 220
231 220
232 220
233 220
234 220
235 220
236 220
237 218
238 219
239 220
240 218
241 213
242 190
243 207
244 220
245 220
246 220
247 218
248 216
249 218
250 220
251 116
252 204
253 224
254 220
255 220
256 220
257 220
258 220
259 220
260 220
261 220
262 219
263 219
264 220
265 215
266 222
267 208
268 204
269 220
270 220
271 221
272 220
273 218
274 219
275 218
276 124
277 155
278 197
279 220
280 220
281 220
282 220
283 220
284 220
285 220
286 220
287 220
288 218
289 220
290 213
291 220
292 201
293 207
294 220
295 220
296 222
297 220
298 220
299 220
300 218
301 125
302 115
303 126
304 224
305 224
306 224
307 220
308 220
309 220
310 220
311 220
312 219
313 216
314 220
315 214
316 220
317 213
318 224
319 218
320 218
321 217
322 222
323 220
324 220
325 217
326 121
327 123
328 124
329 188
330 217
331 203
332 220
333 220
334 220
335 220
336 220
337 219
338 212
339 220
340 217
341 220
342 203
343 217
344 217
345 214
346 210
347 220
348 220
349 220
350 219
351 118
352 120
353 127
354 125
355 177
356 140
357 221
358 220
359 220
360 220
361 220
362 219
363 199
364 220
365 219
366 220
367 186
368 223
369 218
370 218
371 213
372 220
373 220
374 220
375 219
376 110
377 116
378 114
379 126
380 146
381 146
382 218
383 220
384 220
385 220
386 220
387 220
388 212
389 220
390 220
391 220
392 210
393 220
394 220
395 201
396 220
397 220
398 220
399 220
400 217
401 111
402 114
403 121
404 130
405 125
406 132
407 224
408 224
409 224
410 220
411 220
412 220
413 217
414 220
415 220
416 220
417 224
418 220
419 221
420 161
421 218
422 219
423 220
424 220
425 204
426 147
427 103
428 122
429 119
430 125
431 121
432 184
433 193
434 216
435 220
436 220
437 220
438 217
439 220
440 220
441 220
442 220
443 220
444 212
445 182
446 216
447 219
448 220
449 220
450 207
451 170
452 116
453 115
454 119
455 120
456 124
457 112
458 124
459 180
460 224
461 220
462 220
463 218
464 220
465 220
466 220
467 220
468 220
469 220
470 187
471 218
472 218
473 220
474 218
475 206
476 194
477 147
478 136
479 112
480 103
481 121
482 108
483 121
484 143
485 201
486 220
487 220
488 220
489 220
490 220
491 220
492 220
493 220
494 203
495 203
496 218
497 218
498 220
499 217
500 218
501 204
502 165
503 187
504 118
505 118
506 121
507 119
508 125
509 121
510 137
511 224
512 224
513 220
514 220
515 220
516 220
517 220
518 220
519 177
520 222
521 218
522 218
523 220
524 217
525 222
526 216
527 208
528 222
529 158
530 117
531 107
532 113
533 115
534 121
535 119
536 194
537 214
538 220
539 220
540 220
541 220
542 220
543 220
544 212
545 220
546 218
547 220
548 220
549 218
550 217
551 255
552 224
553 224
554 190
555 120
556 110
557 123
558 127
559 121
560 112
561 110
562 183
563 224
564 220
565 220
566 220
567 220
568 220
569 224
570 220
571 218
572 220
573 220
574 220
575 202
576 220
577 221
578 220
579 219
580 152
581 154
582 119
583 122
584 134
585 99
586 98
587 154
588 205
589 220
590 220
591 220
592 220
593 220
594 220
595 220
596 220
597 220
598 220
599 221
600 214
601 220
602 220
603 220
604 224
605 172
606 208
607 128
608 124
609 141
610 114
611 116
612 105
613 158
614 224
615 224
616 220
617 220
618 220
619 220
620 220
621 220
622 220
623 220
624 220
625 224
626 220
627 221
628 220
629 220
630 213
631 224
632 190
633 184
634 154
635 109
636 111
637 87
638 140
639 214
640 221
641 221
642 220
643 220
644 220
645 220
646 220
647 220
648 220
649 220
650 215
651 220
652 222
653 219
654 220
655 224
656 224
657 224
658 224
659 186
660 127
661 111
662 110
663 102
664 139
665 179
666 224
667 220
668 220
669 220
670 220
671 220
672 220
673 220
674 220
675 208
676 220
677 221
678 222
679 222
680 222
681 220
682 222
683 208
684 221
685 204
686 121
687 108
688 87
689 104
690 136
691 207
692 222
693 220
694 220
695 220
696 220
697 220
698 220
699 220
700 216
701 220
702 220
703 224
704 221
705 222
706 220
707 220
708 177
709 224
710 224
711 144
712 111
713 106
714 107
715 91
716 130
717 224
718 224
719 220
720 220
721 220
722 220
723 220
724 220
725 220
726 220
727 220
728 224
729 223
730 221
731 220
732 220
733 215
734 220
735 221
736 199
737 130
738 109
739 107
740 76
741 89
742 192
743 223
744 221
745 220
746 220
747 220
748 220
749 220
750 220
751 220
752 220
753 223
754 223
755 221
756 220
757 220
758 224
759 220
760 220
761 224
762 158
763 124
764 125
765 104
766 93
767 109
768 181
769 224
770 224
771 220
772 220
773 220
774 220
775 220
776 220
777 220
778 222
779 222
780 220
781 220
782 220
783 224
784 220
785 221
786 223
787 207
788 145
789 133
790 120
791 100
792 80
793 130
794 197
795 217
796 222
797 220
798 220
799 220
800 220
801 220
802 220
803 221
804 220
805 220
806 220
807 222
808 223
809 220
810 222
811 222
812 224
813 161
814 132
815 130
816 124
817 108
818 85
819 115
820 164
821 224
822 223
823 220
824 220
825 220
826 220
827 220
828 222
829 220
830 220
831 220
832 220
833 222
834 220
835 221
836 221
837 221
838 210
839 174
840 138
841 138
842 121
843 87
844 75
845 110
846 206
847 224
848 221
849 220
850 220
851 220
852 220
853 222
854 220
855 220
856 220
857 220
858 221
859 220
860 220
861 220
862 221
863 224
864 185
865 144
866 145
867 137
868 129
869 102
870 84
871 151
872 224
873 224
874 224
875 220
876 220
877 221
878 224
879 220
880 220
881 220
882 220
883 220
884 220
885 220
886 220
887 221
888 223
889 207
890 164
891 176
892 150
893 154
894 121
895 87
896 103
897 182
898 195
899 223
900 220
901 220
902 222
903 224
904 221
905 220
906 220
907 220
908 220
909 220
910 220
911 220
912 221
913 223
914 224
915 185
916 195
917 161
918 171
919 148
920 123
921 89
922 76
923 104
924 202
925 224
926 220
927 222
928 220
929 223
930 220
931 220
932 220
933 220
934 220
935 220
936 220
937 220
938 223
939 224
940 207
941 200
942 194
943 198
944 187
945 165
946 98
947 70
948 66
949 148
950 218
951 220
952 222
953 209
954 224
955 220
956 220
957 220
958 220
959 220
960 220
961 220
962 220
963 222
964 223
965 224
966 209
967 203
968 221
969 207
970 188
971 126
972 119
973 92
974 80
975 173
976 220
977 220
978 216
979 209
980 221
981 220
982 220
983 220
984 220
985 220
986 220
987 222
988 223
989 222
990 224
991 220
992 209
993 223
994 214
995 201
996 151
997 135
998 109
999 84
1000 117
1001 220
1002 220
1003 224
1004 186
1005 224
1006 220
1007 220
1008 220
1009 220
1010 220
1011 220
1012 224
1013 222
1014 221
1015 223
1016 224
1017 205
1018 224
1019 217
1020 212
1021 172
1022 143
1023 125
1024 138
1025 103
1026 220
1027 220
1028 223
1029 200
1030 217
1031 221
1032 220
1033 220
1034 220
1035 220
1036 219
1037 222
1038 221
1039 220
1040 223
1041 224
1042 219
1043 223
1044 219
1045 212
1046 198
1047 156
1048 123
1049 186
1050 136
1051 220
1052 220
1053 223
1054 209
1055 198
1056 222
1057 220
1058 220
1059 220
1060 217
1061 219
1062 220
1063 221
1064 220
1065 224
1066 223
1067 220
1068 222
1069 224
1070 224
1071 224
1072 166
1073 134
1074 224
1075 166
1076 220
1077 220
1078 222
1079 217
1080 214
1081 219
1082 219
1083 220
1084 220
1085 216
1086 220
1087 211
1088 221
1089 220
1090 223
1091 224
1092 223
1093 221
1094 224
1095 224
1096 223
1097 188
1098 164
1099 209
1100 170
1101 220
1102 220
1103 221
1104 222
1105 224
1106 221
1107 213
1108 220
1109 220
1110 221
1111 223
1112 204
1113 220
1114 220
1115 223
1116 224
1117 224
1118 220
1119 224
1120 224
1121 224
1122 192
1123 176
1124 224
1125 152
1126 220
1127 220
1128 221
1129 224
1130 224
1131 221
1132 219
1133 220
1134 220
1135 222
1136 215
1137 217
1138 220
1139 220
1140 222
1141 224
1142 224
1143 221
1144 224
1145 224
1146 224
1147 210
1148 186
1149 190
1150 169
1151 220
1152 220
1153 221
1154 224
1155 222
1156 220
1157 220
1158 220
1159 220
1160 220
1161 188
1162 224
1163 220
1164 220
1165 221
1166 224
1167 223
1168 222
1169 221
1170 224
1171 224
1172 224
1173 200
1174 165
1175 174
1176 220
1177 220
1178 221
1179 224
1180 223
1181 220
1182 220
1183 220
1184 220
1185 220
1186 210
1187 220
1188 222
1189 220
1190 221
1191 224
1192 224
1193 224
1194 217
1195 215
1196 224
1197 222
1198 200
1199 179
1200 164
1201 220
1202 220
1203 221
1204 224
1205 223
1206 220
1207 220
1208 222
1209 220
1210 220
1211 218
1212 220
1213 223
1214 220
1215 221
1216 224
1217 224
1218 224
1219 208
1220 203
1221 224
1222 224
1223 205
1224 183
1225 137
1226 220
1227 220
1228 220
1229 223
1230 223
1231 220
1232 220
1233 222
1234 220
1235 220
1236 220
1237 220
1238 222
1239 220
1240 222
1241 223
1242 224
1243 224
1244 199
1245 202
1246 224
1247 215
1248 208
1249 197
1250 125
1251 220
1252 220
1253 220
1254 223
1255 222
1256 220
1257 220
1258 220
1259 220
1260 220
1261 220
1262 220
1263 220
1264 220
1265 222
1266 222
1267 224
1268 224
1269 186
1270 190
1271 224
1272 204
1273 220
1274 222
1275 132
1276 220
1277 220
1278 220
1279 223
1280 222
1281 220
1282 220
1283 220
1284 220
1285 220
1286 220
1287 220
1288 220
1289 220
1290 222
1291 223
1292 223
1293 224
1294 205
1295 199
1296 222
1297 199
1298 206
1299 199
1300 134
1301 220
1302 220
1303 220
1304 223
1305 222
1306 220
1307 220
1308 220
1309 220
1310 220
1311 220
1312 222
1313 220
1314 220
1315 222
1316 223
1317 223
1318 223
1319 215
1320 196
1321 224
1322 186
1323 205
1324 192
1325 142
1326 220
1327 220
1328 220
1329 223
1330 221
1331 220
1332 220
1333 220
1334 220
1335 220
1336 220
1337 218
1338 220
1339 220
1340 222
1341 223
1342 224
1343 224
1344 223
1345 201
1346 224
1347 190
1348 208
1349 183
1350 148
1351 220
1352 220
1353 220
1354 223
1355 220
1356 220
1357 220
1358 223
1359 220
1360 220
1361 220
1362 201
1363 220
1364 220
1365 222
1366 222
1367 224
1368 223
1369 224
1370 190
1371 224
1372 176
1373 218
1374 161
1375 158
1376 220
1377 220
1378 220
1379 223
1380 220
1381 220
1382 222
1383 217
1384 220
1385 220
1386 220
1387 216
1388 221
1389 220
1390 222
1391 221
1392 224
1393 223
1394 223
1395 199
1396 224
1397 199
1398 197
1399 169
1400 137
1401 220
1402 220
1403 220
1404 223
1405 220
1406 220
1407 224
1408 207
1409 220
1410 220
1411 220
1412 224
1413 222
1414 220
1415 220
1416 220
1417 223
1418 224
1419 212
1420 192
1421 224
1422 212
1423 186
1424 155
1425 116
1426 220
1427 220
1428 220
1429 222
1430 220
1431 220
1432 208
1433 207
1434 220
1435 220
1436 220
1437 222
1438 222
1439 220
1440 220
1441 220
1442 224
1443 224
1444 222
1445 213
1446 224
1447 211
1448 196
1449 169
1450 105
1451 220
1452 220
1453 220
1454 220
1455 220
1456 220
1457 180
1458 195
1459 220
1460 220
1461 220
1462 220
1463 221
1464 220
1465 220
1466 220
1467 224
1468 223
1469 224
1470 221
1471 223
1472 220
1473 196
1474 170
1475 103
1476 220
1477 220
1478 220
1479 220
1480 220
1481 220
1482 209
1483 207
1484 220
1485 220
1486 220
1487 220
1488 220
1489 221
1490 220
1491 220
1492 220
1493 223
1494 224
1495 224
1496 220
1497 213
1498 212
1499 179
1500 102
1501 220
1502 220
1503 220
1504 220
1505 220
1506 220
1507 219
1508 197
1509 220
1510 220
1511 220
1512 220
1513 220
1514 221
1515 220
1516 220
1517 208
1518 223
1519 222
1520 224
1521 218
1522 206
1523 224
1524 161
1525 116
1526 220
1527 220
1528 220
1529 220
1530 220
1531 220
1532 220
1533 219
1534 220
1535 220
1536 220
1537 220
1538 220
1539 222
1540 220
1541 221
1542 220
1543 222
1544 221
1545 224
1546 208
1547 196
1548 216
1549 161
1550 108
1551 220
1552 220
1553 220
1554 220
1555 220
1556 220
1557 220
1558 224
1559 220
1560 220
1561 220
1562 220
1563 220
1564 223
1565 220
1566 223
1567 222
1568 220
1569 220
1570 224
1571 195
1572 186
1573 206
1574 161
1575 107
1576 220
1577 220
1578 220
1579 220
1580 220
1581 220
1582 220
1583 221
1584 220
1585 220
1586 220
1587 220
1588 220
1589 221
1590 222
1591 223
1592 219
1593 220
1594 221
1595 222
1596 206
1597 209
1598 205
1599 173
1600 119
1601 220
1602 220
1603 220
1604 220
1605 220
1606 220
1607 220
1608 220
1609 220
1610 220
1611 220
1612 220
1613 220
1614 220
1615 221
1616 223
1617 201
1618 220
1619 222
1620 215
1621 221
1622 224
1623 203
1624 171
1625 117
1626 220
1627 220
1628 220
1629 220
1630 220
1631 220
1632 220
1633 220
1634 220
1635 220
1636 220
1637 220
1638 220
1639 220
1640 218
1641 224
1642 206
1643 221
1644 223
1645 220
1646 202
1647 204
1648 207
1649 163
1650 109
1651 220
1652 220
1653 220
1654 220
1655 220
1656 220
1657 220
1658 220
1659 220
1660 220
1661 220
1662 220
1663 220
1664 220
1665 224
1666 224
1667 207
1668 222
1669 223
1670 224
1671 179
1672 186
1673 224
1674 151
1675 119
1676 220
1677 220
1678 220
1679 220
1680 220
1681 220
1682 220
1683 220
1684 220
1685 220
1686 220
1687 220
1688 220
1689 220
1690 221
1691 222
1692 217
1693 221
1694 223
1695 224
1696 195
1697 201
1698 213
1699 190
1700 123
1701 220
1702 220
1703 220
1704 220
1705 220
1706 222
1707 220
1708 220
1709 220
1710 220
1711 220
1712 220
1713 220
1714 220
1715 220
1716 220
1717 220
1718 220
1719 223
1720 224
1721 199
1722 208
1723 168
1724 176
1725 124
1726 220
1727 220
1728 221
1729 223
1730 220
1731 220
1732 220
1733 221
1734 220
1735 220
1736 220
1737 220
1738 220
1739 220
1740 221
1741220
1742 220
1743 220
1744 223
1745 224
1746 199
1747 215
1748 180
1749 174
1750 129
1751 220
1752 220
1753 221
1754 224
1755 220
1756 220
1757 220
1758 218
1759 220
1760 220
1761 220
1762 220
1763 220
1764 222
1765 222
1766 220
1767 220
1768 220
1769 222
1770 224
1771 163
1772 224
1773 173
1774 161
1775 145
1776 220
1777 220
1778 221
1779 208
1780 221
1781 220
1782 220
1783 222
1784 220
1785 220
1786 220
1787 220
1788 220
1789 220
1790 221
1791 220
1792 221
1793 221
1794 222
1795 224
1796 195
1797 221
1798 207
1799 167
1800 148
1801 220
1802 220
1803 224
1804 164
1805 222
1806 220
1807 220
1808 221
1809 220
1810 220
1811 220
1812 220
1813 220
1814 220
1815 220
1816 220
1817 222
1818 223
1819 222
1820 224
1821 192
1822 220
1823 224
1824 147
1825 151
1826 220
1827 220
1828 222
1829 189
1830 221
1831 222
1832 221
1833 220
1834 220
1835 220
1836 220
1837 220
1838 220
1839 220
1840 220
1841 220
1842 222
1843 223
1844 223
1845 220
1846 205
1847 222
1848 218
1849 152
1850 139
1851 220
1852 220
1853 220
1854 179
1855 220
1856 218
1857 223
1858 207
1859 220
1860 220
1861 220
1862 220
1863 221
1864 220
1865 220
1866 220
1867 222
1868 223
1869 224
1870 205
1871 182
1872 220
1873 217
1874 156
1875 123
1876 220
1877 220
1878 220
1879 215
1880 220
1881 213
1882 224
1883 213
1884 220
1885 220
1886 220
1887 220
1888 220
1889 220
1890 220
1891 220
1892 221
1893 223
1894 224
1895 215
1896 197
1897 218
1898 212
1899 172
1900 125
1901 220
1902 220
1903 220
1904 224
1905 220
1906 218
1907 224
1908 177
1909 220
1910 220
1911 220
1912 220
1913 220
1914 220
1915 220
1916 220
1917 220
1918 223
1919 224
1920 220
1921 196
1922 224
1923 184
1924 155
1925 128
1926 220
1927 220
1928 220
1929 221
1930 220
1931 222
1932 223
1933 193
1934 220
1935 220
1936 220
1937 220
1938 220
1939 220
1940 221
1941 220
1942 220
1943 222
1944 224
1945 219
1946 207
1947 217
1948 208
1949 153
1950 130
1951 220
1952 220
1953 220
1954 220
1955 220
1956 220
1957 220
1958 171
1959 220
1960 220
1961 220
1962 220
1963 220
1964 220
1965 222
1966 220
1967 220
1968 220
1969 224
1970 218
1971 201
1972 208
1973 223
1974 139
1975 141
1976 220
1977 220
1978 220
1979 220
1980 220
1981 220
1982 220
1983 203
1984 220
1985 220
1986 220
1987 220
1988 220
1989 220
1990 221
1991 220
1992 220
1993 220
1994 224
1995 216
1996 213
1997 210
1998 208
1999 142
2000 145
2001 220
2002 220
2003 220
2004 220
2005 220
2006 220
2007 220
2008 209
2009 220
2010 220
2011 220
2012 220
2013 220
2014 220
2015 220
2016 220
2017 220
2018 220
2019 224
2020 216
2021 222
2022 202
2023 194
2024 142
2025 137
2026 220
2027 220
2028 220
2029 220
2030 220
2031 220
2032 220
2033 217
2034 220
2035 220
2036 220
2037 220
2038 220
2039 221
2040 220
2041 220
2042 220
2043 221
2044 224
2045 215
2046 217
2047 217
2048 218
2049 153
2050 144
2051 220
2052 220
2053 220
2054 220
2055 220
2056 220
2057 220
2058 224
2059 220
2060 220
2061 220
2062 220
2063 220
2064 222
2065 220
2066 220
2067 220
2068 221
2069 224
2070 207
2071 215
2072 223
2073 224
2074 141
2075 151
2076 220
2077 220
2078 220
2079 220
2080 220
2081 220
2082 220
2083 217
2084 221
2085 220
2086 220
2087 220
2088 220
2089 221
2090 220
2091 220
2092 220
2093 221
2094 224
2095 211
2096 211
2097 220
2098 220
2099 165
2100 144
2101 220
2102 220
2103 220
2104 220
2105 220
2106 220
2107 220
2108 212
2109 224
2110 220
2111 220
2112 220
2113 220
2114 220
2115 220
2116 220
2117 220
2118 221
2119 224
2120 210
2121 190
2122 217
2123 220
2124 147
2125 127
2126 220
2127 220
2128 220
2129 220
2130 220
2131 220
2132 220
2133 217
2134 223
2135 220
2136 220
2137 220
2138 220
2139 220
2140 220
2141 220
2142 220
2143 220
2144 224
2145 219
2146 210
2147 218
2148 217
2149 149
2150 129
2151 220
2152 220
2153 220
2154 220
2155 220
2156 220
2157 220
2158 224
2159 224
2160 220
2161 220
2162 220
2163 220
2164 220
2165 220
2166 220
2167 220
2168 220
2169 224
2170 211
2171 224
2172 220
2173 210
2174 144
2175 143
2176 220
2177 220
2178 220
2179 220
2180 220
2181 220
2182 220
2183 219
2184 224
2185 220
2186 220
2187 222
2188 220
2189 220
2190 220
2191 220
2192 220
2193 220
2194 224
2195 214
2196 213
2197 220
2198 216
2199 144
2200 141
2201 220
2202 220
2203 220
2204 220
2205 220
2206 220
2207 220
2208 224
2209 224
2210 220
2211 220
2212 222
2213 221
2214 220
2215 220
2216 220
2217 220
2218 220
2219 224
2220 220
2221 215
2222 222
2223 223
2224 136
2225 137
2226 220
2227 220
2228 220
2229 220
2230 220
2231 220
2232 220
2233 221
2234 212
2235 220
2236 220
2237 222
2238 222
2239 220
2240 220
2241 220
2242 220
2243 220
2244 224
2245 213
2246 220
2247 222
2248 220
2249 148
2250 144
2251 220
2252 220
2253 220
2254 220
2255 220
2256 220
2257 220
2258 224
2259 194
2260 220
2261 220
2262 221
2263 222
2264 220
2265 220
2266 220
2267 220
2268 220
2269 224
2270 201
2271 224
2272 222
2273 220
2274 140
2275 148
2276 220
2277 220
2278 220
2279 220
2280 220
2281 220
2282 220
2283 222
2284 208
2285 220
2286 220
2287 222
2288 223
2289 220
2290 220
2291 220
2292 220
2293 220
2294 222
2295 210
2296 221
2297 222
2298 220
2299 150
2300 156
2301 220
2302 220
2303 220
2304 220
2305 220
2306 220
2307 220
2308 223
2309 220
2310 220
2311 220
2312 222
2313 224
2314 221
2315 222
2316 220
2317 220
2318 220
2319 220
2320 208
2321 224
2322 224
2323 220
2324 133
2325 153
2326 220
2327 220
2328 220
2329 220
2330 220
2331 220
2332 220
2333 221
2334 224
2335 220
2336 220
2337 223
2338 224
2339 220
2340 221
2341 220
2342 220
2343 221
2344 223
2345 212
2346 223
2347 223
2348 220
2349 153
2350 146
2351 220
2352 220
2353 220
2354 220
2355 220
2356 220
2357 220
2358 220
2359 222
2360 220
2361 220
2362 224
2363 224
2364 220
2365 220
2366 220
2367 220
2368 222
2369 224
2370 206
2371 224
2372 213
2373 220
2374 150
2375 135
2376 220
2377 220
2378 220
2379 220
2380 220
2381 220
2382 220
2383 220
2384 220
2385 220
2386 220
2387 223
2388 223
2389 222
2390 223
2391 221
2392 220
2393 222
2394 224
2395 212
2396 219
2397 199
2398 221
2399 160
2400 137
2401 220
2402 220
2403 220
2404 220
2405 220
2406 220
2407 220
2408 220
2409 220
2410 220
2411 220
2412 221
2413 222
2414 224
2415 224
2416 223
2417 220
2418 222
2419 224
2420 210
2421 210
2422 172
2423 222
2424 146
2425 144
2426 220
2427 220
2428 220
2429 220
2430 220
2431 220
2432 220
2433 220
2434 220
2435 220
2436 220
2437 222
2438 221
2439 223
2440 222
2441 222
2442 220
2443 222
2444 222
2445 219
2446 211
2447 201
2448 222
2449 159
2450 141
2451 220
2452 220
2453 220
2454 220
2455 220
2456 220
2457 220
2458 220
2459 220
2460 220
2461 220
2462 223
2463 220
2464 222
2465 212
2466 222
2467 220
2468 221
2469 218
2470 224
2471 192
2472 186
2473 221
2474 160
2475 137
2476 220
2477 220
2478 220
2479 220
2480 220
2481 220
2482 220
2483 220
2484 220
2485 220
2486 220
2487 222
2488 221
2489 221
2490 220
2491 221
2492 220
2493 222
2494 215
2495 223
2496 216
2497 213
2498 220
2499 184
2500 139
2501 220
2502 220
2503 220
2504 220
2505 220
2506 220
2507 220
2508 220
2509 220
2510 220
2511 220
2512 220
2513 221
2514 220
2515 220
2516 220
2517 220
2518 222
2519 222
2520 220
2521 224
2522 224
2523 220
2524 157
2525 143
2526 220
2527 220
2528 220
2529 220
2530 220
2531 220
2532 220
2533 220
2534 220
2535 220
2536 220
2537 220
2538 221
2539 220
2540 220
2541 220
2542 220
2543 222
2544 223
2545 220
2546 220
2547 223
2548 221
2549 148
2550 130
2551 224
2552 220
2553 220
2554 220
2555 220
2556 220
2557 220
2558 220
2559 220
2560 220
2561 220
2562 221
2563 220
2564 221
2565 220
2566 220
2567 220
2568 222
2569 224
2570 221
2571 219
2572 224
2573 222
2574 124
2575 137
2576 220
2577 220
2578 220
2579 220
2580 220
2581 220
2582 220
2583 220
2584 220
2585 220
2586 220
2587 222
2588 223
2589 220
2590 220
2591 220
2592 220
2593 222
2594 224
2595 223
2596 221
2597 224
2598 221
2599 169
2600 144
2601 220
2602 220
2603 220
2604 220
2605 220
2606 220
2607 220
2608 220
2609 220
2610 220
2611 220
2612 223
2613 224
2614 220
2615 220
2616 220
2617 220
2618 221
2619 222
2620 220
2621 222
2622 222
2623 219
2624 183
2625 131
2626 220
2627 220
2628 220
2629 220
2630 220
2631 220
2632 220
2633 220
2634 220
2635 222
2636 220
2637 224
2638 224
2639 220
2640 220
2641 220
2642 220
2643 221
2644 221
2645 215
2646 224
2647 223
2648 220
2649 188
2650 136
2651 220
2652 220
2653 220
2654 220
2655 220
2656 220
2657 220
2658 220
2659 220
2660 220
2661 220
2662 224
2663 224
2664 220
2665 220
2666 220
2667 220
2668 221
2669 219
2670 208
2671 224
2672 223
2673 220
2674 146
2675 137
2676 220
2677 220
2678 220
2679 220
2680 220
2681 220
2682 220
2683 220
2684 220
2685 218
2686 220
2687 224
2688 223
2689 220
2690 220
2691 220
2692 220
2693 221
2694 222
2695 210
2696 221
2697 222
2698 220
2699 166
2700 140
2701 220
2702 220
2703 220
2704 220
2705 220
2706 220
2707 220
2708 220
2709 220
2710 219
2711 220
2712 224
2713 220
2714 220
2715 220
2716 220
2717 220
2718 220
2719 224
2720 208
2721 217
2722 221
2723 220
2724 161
2725 142
2726 220
2727 220
2728 220
2729 220
2730 220
2731 220
2732 220
2733 220
2734 220
2735 218
2736 220
2737 224
2738 220
2739 220
2740 220
2741 220
2742 220
2743 221
2744 218
2745 217
2746 220
2747 216
2748 220
2749 173
2750 140
2751 220
2752 220
2753 220
2754 220
2755 220
2756 220
2757 220
2758 220
2759 220
2760 221
2761 220
2762 224
2763 221
2764 220
2765 220
2766 220
2767 220
2768 222
2769 210
2770 224
2771 224
2772 197
2773 220
2774 142
2775 148
2776 220
2777 220
2778 220
2779 220
2780 220
2781 220
2782 220
2783 220
2784 220
2785 222
2786 220
2787 224
2788 223
2789 220
2790 222
2791 220
2792 220
2793 222
2794 221
2795 217
2796 224
2797 213
2798 220
2799 157
2800 162
2801 220
2802 220
2803 220
2804 220
2805 220
2806 220
2807 220
2808 220
2809 220
2810 220
2811 220
2812 221
2813 224
2814 220
2815 223
2816 221
2817 220
2818 222
2819 224
2820 211
2821 224
2822 224
2823 220
2824 145
2825 148
2826 220
2827 220
2828 220
2829 220
2830 220
2831 220
2832 220
2833 220
2834 220
2835 220
2836 220
2837 223
2838 224
2839 220
2840 223
2841 220
2842 220
2843 220
2844 224
2845 212
2846 224
2847 213
2848 220
2849 158
2850 140
2851 220
2852 220
2853 220
2854 220
2855 220
2856 220
2857 220
2858 220
2859 220
2860 220
2861 220
2862 223
2863 222
2864 220
2865 218
2866 220
2867 220
2868 222
2869 224
2870 205
2871 224
2872 194
2873 220
2874 149
2875 144
2876 220
2877 220
2878 220
2879 220
2880 220
2881 220
2882 220
2883 220
2884 220
2885 220
2886 220
2887 224
2888 216
2889 222
2890 220
2891 220
2892 220
2893 220
2894 223
2895 207
2896 224
2897 203
2898 222
2899 179
2900 144
2901 220
2902 220
2903 220
2904 220
2905 220
2906 220
2907 220
2908 220
2909 220
2910 220
2911 220
2912 223
2913 197
2914 222
2915 219
2916 220
2917 220
2918 220
2919 221
2920 194
2921 223
2922 204
2923 224
2924 153
2925 145
2926 220
2927 220
2928 220
2929 220
2930 220
2931 220
2932 220
2933 220
2934 220
2935 220
2936 220
2937 223
2938 221
2939 221
2940 220
2941 220
2942 220
2943 220
2944 222
2945 196
2946 214
2947 201
2948 224
2949 163
2950 146
2951 220
2952 220
2953 220
2954 220
2955 220
2956 220
2957 220
2958 220
2959 220
2960 220
2961 221
2962 222
2963 224
2964 220
2965 220
2966 220
2967 220
2968 220
2969 222
2970 192
2971 224
2972 194
2973 224
2974 152
2975 149
2976 220
2977 220
2978 220
2979 220
2980 220
2981 220
2982 220
2983 220
2984 220
2985 220
2986 220
2987 222
2988 224
2989 222
2990 220
2991 220
2992 220
2993 220
2994 219
2995 197
2996 207
2997 202
2998 223
2999 144
3000 148
3001 220
3002 220
3003 220
3004 220
3005 220
3006 220
3007 220
3008 220
3009 221
3010 220
3011 220
3012 220
3013 218
3014 221
3015 221
3016 220
3017 220
3018 220
3019 219
3020 194
3021 203
3022 195
3023 224
3024 137
3025 144
3026 220
3027 220
3028 220
3029 220
3030 220
3031 220
3032 220
3033 220
3034 221
3035 220
3036 220
3037 220
3038 222
3039 218
3040 220
3041 220
3042 220
3043 220
3044 222
3045 200
3046 203
3047 205
3048 222
3049 145
3050 133
3051 220
3052 220
3053 220
3054 220
3055 220
3056 220
3057 220
3058 220
3059 221
3060 220
3061 220
3062 220
3063 224
3064 224
3065 223
3066 220
3067 220
3068 220
3069 222
3070 201
3071 203
3072 206
3073 220
3074 142
3075 137
3076 220
3077 220
3078 220
3079 220
3080 220
3081 220
3082 220
3083 220
3084 221
3085 220
3086 220
3087 220
3088 224
3089 221
3090 222
3091 220
3092 220
3093 220
3094 222
3095 203
3096 197
3097 203
3098 221
3099 182
3100 130
3101 220
3102 220
3103 220
3104 220
3105 220
3106 220
3107 220
3108 220
3109 221
3110 220
3111 220
3112 220
3113 224
3114 224
3115 224
3116 220
3117 220
3118 220
3119 223
3120 197
3121 190
3122 191
3123 222
3124 179
3125 137
3126 220
3127 220
3128 220
3129 220
3130 220
3131 220
3132 220
3133 220
3134 220
3135 220
3136 220
3137 221
3138 224
3139 222
3140 223
3141 220
3142 220
3143 220
3144 223
3145 203
3146 201
3147 198
3148 223
3149 197
3150 148
3151 220
3152 220
3153 220
3154 220
3155 220
3156 220
3157 220
3158 220
3159 220
3160 220
3161 220
3162 222
3163 224
3164 224
3165 224
3166 220
3167 220
3168 220
3169 223
3170 204
3171 211
3172 195
3173 224
3174 210
3175 168
3176 220
3177 220
3178 220
3179 220
3180 220
3181 220
3182 220
3183 220
3184 220
3185 220
3186 220
3187 221
3188 224
3189 224
3190 209
3191 220
3192 220
3193 220
3194 222
3195 208
3196 220
3197 217
3198 222
3199 199
3200 175
3201 220
3202 220
3203 221
3204 220
3205 220
3206 220
3207 220
3208 220
3209 220
3210 220
3211 220
3212 220
3213 224
3214 222
3215 180
3216 220
3217 220
3218 220
3219 223
3220 209
3221 224
3222 224
3223 222
3224 180
3225 165
3226 220
3227 220
3228 220
3229 220
3230 222
3231 220
3232 220
3233 220
3234 220
3235 220
3236 220
3237 220
3238 223
3239 223
3240 191
3241 220
3242 220
3243 220
3244 223
3245 207
3246 224
3247 220
3248 223
3249 205
3250 160
3251 220
3252 220
3253 220
3254 221
3255 223
3256 220
3257 220
3258 220
3259 220
3260 220
3261 220
3262 220
3263 223
3264 224
3265 164
3266 220
3267 220
3268 220
3269 221
3270 196
3271 224
3272 215
3273 224
3274 224
3275 165
3276 220
3277 220
3278 220
3279 221
3280 223
3281 222
3282 220
3283 220
3284 220
3285 220
3286 220
3287 220
3288 222
3289 223
3290 201
3291 220
3292 220
3293 220
3294 220
3295 201
3296 223
3297 214
3298 220
3299 210
3300 177
3301 220
3302 220
3303 222
3304 220
3305 224
3306 223
3307 220
3308 220
3309 220
3310 220
3311 220
3312 220
3313 220
3314 223
3315 190
3316 220
3317 222
3318 220
3319 220
3320 183
3321 224
3322 212
3323 222
3324 179
3325 175
3326 220
3327 220
3328 221
3329 220
3330 224
3331 222
3332 220
3333 220
3334 220
3335 220
3336 220
3337 220
3338 220
3339 224
3340 199
3341 220
3342 221
3343 220
3344 220
3345 194
3346 221
3347 208
3348 215
3349 202
3350 188
3351 220
3352 220
3353 220
3354 220
3355 223
3356 223
3357 220
3358 220
3359 220
3360 220
3361 220
3362 220
3363 220
3364 224
3365 189
3366 220
3367 220
3368 221
3369 220
3370 176
3371 212
3372 204
3373 211
3374 215
3375 199
3376 220
3377 220
3378 220
3379 220
3380 221
3381 223
3382 220
3383 220
3384 220
3385 220
3386 220
3387 220
3388 220
3389 224
3390 207
3391 220
3392 220
3393 221
3394 222
3395 187
3396 220
3397 214
3398 219
3399 218
3400 186
3401 220
3402 220
3403 220
3404 220
3405 220
3406 222
3407 221
3408 220
3409 220
3410 220
3411 220
3412 220
3413 220
3414 224
3415 208
3416 220
3417 220
3418 221
3419 222
3420 177
3421 224
3422 224
3423 224
3424 224
3425 197
3426 220
3427 220
3428 220
3429 220
3430 220
3431 220
3432 223
3433 220
3434 220
3435 220
3436 220
3437 220
3438 220
3439 224
3440 218
3441 220
3442 220
3443 220
3444 222
3445 206
3446 222
3447 220
3448 224
3449 201
3450 184
3451 220
3452 220
3453 220
3454 220
3455 220
3456 220
3457 224
3458 220
3459 220
3460 220
3461 220
3462 220
3463 220
3464 224
3465 224
3466 222
3467 220
3468 220
3469 222
3470 221
3471 222
3472 220
3473 224
3474 184
3475 175
3476 220
3477 220
3478 220
3479 220
3480 220
3481 222
3482 224
3483 220
3484 220
3485 220
3486 220
3487 220
3488 220
3489 223
3490 223
3491 220
3492 220
3493 221
3494 221
3495 220
3496 220
3497 217
3498 220
3499 185
3500 168
3501 220
3502 220
3503 220
3504 220
3505 220
3506 223
3507 223
3508 220
3509 220
3510 220
3511 220
3512 220
3513 220
3514 223
3515 223
3516 220
3517 220
3518 222
3519 221
3520 220
3521 220
3522 215
3523 219
3524 157
3525 159
3526 220
3527 220
3528 220
3529 220
3530 220
3531 223
3532 223
3533 222
3534 220
3535 220
3536 220
3537 220
3538 220
3539 223
3540 217
3541 221
3542 220
3543 222
3544 222
3545 220
3546 223
3547 213
3548 218
3549 173
3550 172
3551 220
3552 220
3553 220
3554 220
3555 220
3556 222
3557 224
3558 223
3559 220
3560 220
3561 220
3562 220
3563 220
3564 223
3565 206
3566 224
3567 219
3568 221
3569 223
3570 212
3571 224
3572 206
3573 218
3574 148
3575 191
3576 220
3577 220
3578 220
3579 220
3580 220
3581 222
3582 222
3583 223
3584 220
3585 220
3586 220
3587 220
3588 220
3589 223
3590 210
3591 223
3592 220
3593 220
3594 223
3595 218
3596 222
3597 210
3598 218
3599 173
3600 192
3601 220
3602 220
3603 220
3604 220
3605 220
3606 222
3607 220
3608 222
3609 221
3610 220
3611 220
3612 220
3613 220
3614 222
3615 213
3616 224
3617 207
3618 220
3619 223
3620 222
3621 220
3622 205
3623 218
3624 163
3625 199
3626 220
3627 220
3628 220
3629 220
3630 220
3631 222
3632 220
3633 222
3634 220
3635 220
3636 220
3637 220
3638 220
3639 221
3640 214
3641 222
3642 208
3643 222
3644 222
3645 223
3646 222
3647 205
3648 217
3649 190
3650 200
3651 222
3652 220
3653 220
3654 220
3655 220
3656 222
3657 220
3658 213
3659 220
3660 220
3661 220
3662 220
3663 220
3664 220
3665 215
3666 224
3667 198
3668 224
3669 220
3670 223
3671 223
3672 199
3673 217
3674 199
3675 224
3676 220
3677 220
3678 220
3679 220
3680 220
3681 222
3682 220
3683 222
3684 220
3685 220
3686 220
3687 220
3688 220
3689 220
3690 217
3691 218
3692 205
3693 223
3694 220
3695 224
3696 223
3697 210
3698 219
3699 197
3700 224
3701 220
3702 220
3703 220
3704 220
3705 220
3706 220
3707 220
3708 224
3709 220
3710 220
3711 220
3712 220
3713 220
3714 220
3715 223
3716 212
3717 195
3718 222
3719 220
3720 224
3721 224
3722 211
3723 224
3724 169
3725 224
3726 220
3727 220
3728 220
3729 220
3730 220
3731 220
3732 221
3733 224
3734 220
3735 220
3736 220
3737 220
3738 220
3739 220
3740 219
3741 211
3742 208
3743 223
3744 220
3745 224
3746 222
3747 201
3748 215
3749 194
3750 207
