SD: 25 150
1 220
2 220
3 220
4 220
5 220
6 220
7 220
8 220
9 220
10 220
11 220
12 220
13 220
14 220
15 220
16 220
17 220
18 220
19 220
20 220
21 220
22 220
23 220
24 220
25 220
26 220
27 220
28 220
29 220
30 220
31 220
32 220
33 220
34 220
35 220
36 220
37 220
38 220
39 220
40 220
41 220
42 220
43 220
44 220
45 220
46 220
47 220
48 220
49 220
50 220
51 220
52 220
53 220
54 220
55 220
56 220
57 220
58 220
59 220
60 220
61 220
62 220
63 220
64 220
65 220
66 220
67 220
68 220
69 220
70 220
71 220
72 220
73 220
74 220
75 220
76 220
77 220
78 220
79 220
80 220
81 220
82 220
83 220
84 220
85 220
86 220
87 220
88 220
89 220
90 220
91 220
92 220
93 220
94 220
95 220
96 220
97 220
98 220
99 220
100 220
101 220
102 220
103 220
104 220
105 220
106 220
107 220
108 220
109 220
110 220
111 220
112 220
113 220
114 220
115 220
116 220
117 220
118 220
119 220
120 220
121 220
122 220
123 220
124 220
125 220
126 220
127 220
128 220
129 220
130 220
131 220
132 220
133 220
134 220
135 220
136 220
137 220
138 220
139 220
140 220
141 220
142 220
143 220
144 220
145 220
146 220
147 220
148 220
149 220
150 220
151 220
152 220
153 220
154 220
155 220
156 220
157 220
158 220
159 220
160 220
161 220
162 220
163 220
164 220
165 220
166 220
167 217
168 220
169 220
170 220
171 220
172 220
173 220
174 220
175 220
176 220
177 220
178 220
179 220
180 220
181 220
182 220
183 220
184 220
185 220
186 220
187 220
188 220
189 220
190 220
191 209
192 220
193 220
194 220
195 220
196 220
197 220
198 220
199 220
200 220
201 255
202 220
203 220
204 220
205 220
206 220
207 220
208 220
209 220
210 220
211 220
212 220
213 220
214 220
215 220
216 220
217 193
218 220
219 220
220 220
221 220
222 220
223 220
224 220
225 220
226 200
227 220
228 220
229 220
230 220
231 220
232 220
233 220
234 220
235 220
236 220
237 220
238 220
239 220
240 220
241 219
242 205
243 220
244 220
245 220
246 220
247 220
248 220
249 220
250 220
251 137
252 222
253 224
254 220
255 220
256 220
257 220
258 220
259 220
260 220
261 220
262 220
263 220
264 220
265 220
266 220
267 195
268 220
269 220
270 220
271 220
272 220
273 220
274 220
275 220
276 174
277 185
278 216
279 220
280 220
281 220
282 220
283 220
284 220
285 220
286 220
287 220
288 220
289 220
290 220
291 220
292 212
293 220
294 220
295 220
296 220
297 220
298 220
299 220
300 220
301 137
302 135
303 199
304 224
305 224
306 218
307 220
308 220
309 220
310 220
311 220
312 220
313 220
314 220
315 220
316 220
317 220
318 220
319 220
320 220
321 218
322 220
323 220
324 220
325 220
326 129
327 135
328 177
329 213
330 213
331 215
332 220
333 220
334 220
335 220
336 220
337 220
338 220
339 220
340 220
341 220
342 220
343 220
344 220
345 220
346 220
347 220
348 220
349 220
350 220
351 133
352 135
353 132
354 188
355 192
356 222
357 220
358 220
359 220
360 220
361 220
362 220
363 220
364 220
365 220
366 220
367 220
368 220
369 220
370 220
371 220
372 220
373 220
374 220
375 220
376 127
377 124
378 125
379 175
380 172
381 199
382 220
383 220
384 220
385 220
386 220
387 220
388 220
389 220
390 220
391 220
392 220
393 220
394 220
395 220
396 220
397 220
398 220
399 220
400 220
401 140
402 121
403 140
404 150
405 138
406 168
407 224
408 224
409 220
410 220
411 220
412 220
413 220
414 220
415 220
416 220
417 220
418 220
419 217
420 219
421 220
422 220
423 220
424 220
425 220
426 199
427 122
428 132
429 137
430 131
431 151
432 194
433 207
434 218
435 220
436 220
437 220
438 220
439 220
440 220
441 220
442 220
443 220
444 215
445 218
446 220
447 220
448 220
449 220
450 220
451 224
452 139
453 119
454 129
455 129
456 137
457 144
458 171
459 217
460 224
461 220
462 220
463 220
464 220
465 220
466 220
467 220
468 220
469 217
470 219
471 220
472 220
473 220
474 220
475 220
476 224
477 190
478 183
479 131
480 124
481 143
482 136
483 155
484 189
485 212
486 220
487 220
488 220
489 220
490 220
491 220
492 220
493 220
494 220
495 220
496 220
497 220
498 220
499 220
500 220
501 254
502 218
503 224
504 138
505 127
506 143
507 132
508 126
509 148
510 197
511 224
512 220
513 220
514 220
515 220
516 220
517 220
518 220
519 220
520 220
521 220
522 220
523 220
524 220
525 220
526 221
527 220
528 223
529 194
530 148
531 146
532 128
533 158
534 142
535 170
536 215
537 220
538 220
539 220
540 220
541 220
542 220
543 220
544 220
545 220
546 220
547 220
548 220
549 220
550 220
551 220
552 220
553 220
554 224
555 161
556 141
557 133
558 191
559 144
560 122
561 161
562 224
563 220
564 220
565 220
566 220
567 220
568 220
569 220
570 220
571 220
572 220
573 220
574 220
575 220
576 220
577 220
578 220
579 223
580 201
581 194
582 159
583 179
584 167
585 130
586 140
587 197
588 224
589 220
590 220
591 220
592 220
593 220
594 220
595 220
596 220
597 220
598 220
599 220
600 220
601 220
602 220
603 220
604 220
605 224
606 224
607 181
608 181
609 171
610 146
611 132
612 120
613 224
614 224
615 220
616 220
617 220
618 220
619 220
620 220
621 220
622 220
623 220
624 220
625 220
626 220
627 220
628 220
629 220
630 222
631 222
632 215
633 213
634 189
635 155
636 118
637 110
638 184
639 212
640 224
641 220
642 220
643 220
644 220
645 220
646 220
647 220
648 220
649 220
650 220
651 220
652 220
653 220
654 220
655 220
656 220
657 224
658 224
659 222
660 174
661 126
662 125
663 100
664 167
665 224
666 224
667 220
668 220
669 220
670 220
671 220
672 220
673 220
674 220
675 220
676 220
677 220
678 220
679 220
680 220
681 220
682 220
683 222
684 220
685 212
686 177
687 124
688 100
689 135
690 184
691 222
692 220
693 220
694 220
695 220
696 220
697 220
698 220
699 220
700 220
701 220
702 220
703 220
704 220
705 220
706 220
707 220
708 223
709 220
710 224
711 193
712 130
713 124
714 122
715 98
716 186
717 224
718 224
719 220
720 220
721 220
722 220
723 220
724 220
725 220
726 220
727 220
728 220
729 220
730 220
731 220
732 220
733 222
734 220
735 220
736 216
737 182
738 145
739 140
740 91
741 140
742 188
743 222
744 222
745 220
746 220
747 220
748 220
749 220
750 220
751 220
752 220
753 220
754 220
755 220
756 220
757 220
758 220
759 220
760 220
761 224
762 208
763 158
764 166
765 125
766 103
767 111
768 173
769 224
770 224
771 220
772 220
773 220
774 220
775 220
776 220
777 220
778 220
779 220
780 220
781 220
782 220
783 220
784 220
785 220
786 220
787 218
788 192
789 177
790 151
791 125
792 96
793 112
794 183
795 212
796 221
797 220
798 220
799 220
800 220
801 220
802 220
803 220
804 220
805 220
806 220
807 220
808 220
809 220
810 220
811 220
812 223
813 222
814 184
815 164
816 158
817 136
818 102
819 107
820 152
821 224
822 224
823 220
824 220
825 220
826 220
827 220
828 220
829 220
830 220
831 220
832 220
833 220
834 220
835 220
836 220
837 220
838 222
839 201
840 181
841 190
842 165
843 140
844 99
845 107
846 203
847 224
848 222
849 220
850 220
851 220
852 220
853 220
854 220
855 220
856 220
857 220
858 220
859 220
860 220
861 220
862 220
863 220
864 213
865 188
866 213
867 177
868 161
869 123
870 97
871 135
872 208
873 224
874 224
875 220
876 220
877 220
878 221
879 220
880 220
881 220
882 220
883 220
884 220
885 220
886 220
887 220
888 220
889 220
890 217
891 221
892 205
893 203
894 179
895 130
896 104
897 147
898 184
899 220
900 220
901 220
902 220
903 222
904 220
905 220
906 220
907 220
908 220
909 220
910 220
911 220
912 220
913 220
914 222
915 224
916 224
917 224
918 224
919 208
920 162
921 112
922 87
923 94
924 203
925 224
926 220
927 220
928 223
929 220
930 220
931 220
932 220
933 220
934 220
935 220
936 220
937 220
938 220
939 220
940 222
941 220
942 220
943 223
944 220
945 205
946 143
947 110
948 91
949 159
950 203
951 220
952 220
953 223
954 221
955 220
956 220
957 220
958 220
959 220
960 220
961 220
962 220
963 220
964 220
965 220
966 220
967 220
968 220
969 224
970 224
971 164
972 152
973 121
974 93
975 133
976 220
977 220
978 222
979 223
980 220
981 220
982 220
983 220
984 220
985 220
986 220
987 220
988 220
989 220
990 220
991 220
992 220
993 220
994 220
995 222
996 204
997 188
998 162
999 125
1000 106
1001 220
1002 220
1003 222
1004 224
1005 220
1006 220
1007 220
1008 220
1009 220
1010 220
1011 220
1012 220
1013 220
1014 220
1015 220
1016 220
1017 220
1018 220
1019 220
1020 220
1021 224
1022 201
1023 167
1024 166
1025 136
1026 220
1027 220
1028 221
1029 223
1030 221
1031 220
1032 220
1033 220
1034 220
1035 220
1036 220
1037 220
1038 220
1039 220
1040 220
1041 220
1042 220
1043 220
1044 220
1045 220
1046 222
1047 214
1048 192
1049 213
1050 179
1051 220
1052 220
1053 220
1054 221
1055 222
1056 220
1057 220
1058 220
1059 220
1060 220
1061 220
1062 220
1063 220
1064 220
1065 220
1066 220
1067 220
1068 220
1069 220
1070 220
1071 220
1072 224
1073 188
1074 224
1075 192
1076 220
1077 220
1078 220
1079 220
1080 221
1081 220
1082 220
1083 220
1084 220
1085 220
1086 220
1087 220
1088 220
1089 220
1090 220
1091 220
1092 220
1093 220
1094 220
1095 220
1096 220
1097 222
1098 216
1099 222
1100 200
1101 220
1102 220
1103 220
1104 220
1105 220
1106 220
1107 220
1108 220
1109 220
1110 220
1111 220
1112 220
1113 220
1114 220
1115 220
1116 220
1117 220
1118 220
1119 220
1120 220
1121 220
1122 220
1123 224
1124 223
1125 212
1126 220
1127 220
1128 220
1129 220
1130 220
1131 220
1132 220
1133 220
1134 220
1135 220
1136 221
1137 220
1138 220
1139 220
1140 220
1141 220
1142 220
1143 220
1144 220
1145 220
1146 220
1147 220
1148 222
1149 223
1150 222
1151 220
1152 220
1153 220
1154 220
1155 220
1156 220
1157 220
1158 220
1159 220
1160 220
1161 222
1162 220
1163 220
1164 220
1165 220
1166 220
1167 220
1168 220
1169 220
1170 220
1171 220
1172 220
1173 221
1174 224
1175 224
1176 220
1177 220
1178 220
1179 220
1180 220
1181 220
1182 220
1183 220
1184 220
1185 220
1186 221
1187 220
1188 220
1189 220
1190 220
1191 220
1192 220
1193 220
1194 220
1195 220
1196 220
1197 220
1198 220
1199 223
1200 207
1201 220
1202 220
1203 220
1204 220
1205 220
1206 220
1207 220
1208 220
1209 220
1210 220
1211 220
1212 220
1213 220
1214 220
1215 220
1216 220
1217 220
1218 220
1219 221
1220 220
1221 220
1222 220
1223 220
1224 224
1225 164
1226 220
1227 220
1228 220
1229 220
1230 220
1231 220
1232 220
1233 220
1234 220
1235 220
1236 220
1237 220
1238 220
1239 220
1240 220
1241 220
1242 220
1243 220
1244 220
1245 220
1246 220
1247 220
1248 220
1249 220
1250 164
1251 220
1252 220
1253 220
1254 220
1255 220
1256 220
1257 220
1258 220
1259 220
1260 220
1261 220
1262 220
1263 220
1264 220
1265 220
1266 220
1267 220
1268 220
1269 220
1270 220
1271 220
1272 220
1273 220
1274 224
1275 144
1276 220
1277 220
1278 220
1279 220
1280 220
1281 220
1282 220
1283 220
1284 220
1285 220
1286 220
1287 220
1288 220
1289 220
1290 220
1291 220
1292 220
1293 220
1294 220
1295 220
1296 220
1297 222
1298 220
1299 220
1300 177
1301 220
1302 220
1303 220
1304 220
1305 220
1306 220
1307 220
1308 220
1309 220
1310 220
1311 220
1312 220
1313 220
1314 220
1315 220
1316 220
1317 220
1318 220
1319 220
1320 220
1321 220
1322 223
1323 220
1324 224
1325 206
1326 220
1327 220
1328 220
1329 220
1330 220
1331 220
1332 220
1333 220
1334 220
1335 220
1336 220
1337 220
1338 220
1339 220
1340 220
1341 220
1342 220
1343 220
1344 220
1345 221
1346 220
1347 224
1348 220
1349 197
1350 194
1351 220
1352 220
1353 220
1354 220
1355 220
1356 220
1357 220
1358 220
1359 220
1360 220
1361 220
1362 220
1363 220
1364 220
1365 220
1366 220
1367 220
1368 220
1369 220
1370 222
1371 220
1372 224
1373 221
1374 175
1375 196
1376 220
1377 220
1378 220
1379 220
1380 220
1381 220
1382 220
1383 220
1384 220
1385 220
1386 220
1387 220
1388 220
1389 220
1390 220
1391 220
1392 220
1393 220
1394 220
1395 221
1396 220
1397 223
1398 223
1399 181
1400 173
1401 220
1402 220
1403 220
1404 220
1405 220
1406 220
1407 220
1408 220
1409 220
1410 220
1411 220
1412 220
1413 220
1414 220
1415 220
1416 220
1417 220
1418 220
1419 220
1420 220
1421 220
1422 222
1423 224
1424 168
1425 140
1426 220
1427 220
1428 220
1429 220
1430 220
1431 220
1432 221
1433 220
1434 220
1435 220
1436 220
1437 220
1438 220
1439 220
1440 220
1441 220
1442 220
1443 220
1444 220
1445 220
1446 220
1447 223
1448 223
1449 183
1450 133
1451 220
1452 220
1453 220
1454 220
1455 220
1456 220
1457 222
1458 220
1459 220
1460 220
1461 220
1462 220
1463 220
1464 220
1465 220
1466 220
1467 220
1468 220
1469 220
1470 220
1471 220
1472 223
1473 222
1474 176
1475 140
1476 220
1477 220
1478 220
1479 220
1480 220
1481 220
1482 221
1483 220
1484 220
1485 220
1486 220
1487 220
1488 220
1489 220
1490 220
1491 220
1492 220
1493 220
1494 220
1495 220
1496 220
1497 223
1498 221
1499 186
1500 133
1501 220
1502 220
1503 220
1504 220
1505 220
1506 220
1507 220
1508 220
1509 220
1510 220
1511 220
1512 220
1513 220
1514 220
1515 220
1516 220
1517 220
1518 220
1519 220
1520 220
1521 220
1522 222
1523 220
1524 163
1525 135
1526 220
1527 220
1528 220
1529 220
1530 220
1531 220
1532 220
1533 220
1534 220
1535 220
1536 220
1537 220
1538 220
1539 220
1540 220
1541 220
1542 220
1543 220
1544 220
1545 220
1546 221
1547 219
1548 222
1549 166
1550 184
1551 220
1552 220
1553 220
1554 220
1555 220
1556 220
1557 220
1558 220
1559 220
1560 220
1561 220
1562 220
1563 220
1564 220
1565 220
1566 220
1567 220
1568 220
1569 220
1570 220
1571 222
1572 220
1573 223
1574 148
1575 197
1576 220
1577 220
1578 220
1579 220
1580 220
1581 220
1582 220
1583 220
1584 220
1585 220
1586 220
1587 220
1588 220
1589 220
1590 220
1591 220
1592 220
1593 220
1594 220
1595 220
1596 222
1597 221
1598 220
1599 182
1600 167
1601 220
1602 220
1603 220
1604 220
1605 220
1606 220
1607 220
1608 220
1609 220
1610 220
1611 220
1612 220
1613 220
1614 220
1615 220
1616 220
1617 220
1618 220
1619 220
1620 220
1621 220
1622 220
1623 207
1624 171
1625 122
1626 220
1627 220
1628 220
1629 220
1630 220
1631 220
1632 220
1633 220
1634 220
1635 220
1636 220
1637 220
1638 220
1639 220
1640 220
1641 220
1642 220
1643 220
1644 220
1645 220
1646 215
1647 221
1648 218
1649 172
1650 146
1651 220
1652 220
1653 220
1654 220
1655 220
1656 220
1657 220
1658 220
1659 220
1660 220
1661 220
1662 220
1663 220
1664 220
1665 220
1666 220
1667 220
1668 220
1669 220
1670 220
1671 201
1672 222
1673 224
1674 137
1675 173
1676 220
1677 220
1678 220
1679 220
1680 220
1681 220
1682 220
1683 220
1684 220
1685 220
1686 220
1687 220
1688 220
1689 220
1690 220
1691 220
1692 220
1693 220
1694 220
1695 220
1696 217
1697 222
1698 217
1699 164
1700 158
1701 220
1702 220
1703 220
1704 220
1705 220
1706 220
1707 220
1708 220
1709 220
1710 220
1711 220
1712 220
1713 220
1714 220
1715 220
1716 220
1717 220
1718 220
1719 220
1720 220
1721 223
1722 222
1723 193
1724 140
1725 152
1726 220
1727 220
1728 220
1729 220
1730 220
1731 220
1732 220
1733 220
1734 220
1735 220
1736 220
1737 220
1738 220
1739 220
1740 220
1741 220
1742 220
1743 220
1744 220
1745 220
1746 222
1747 221
1748 212
1749 151
1750 162
1751 220
1752 220
1753 220
1754 220
1755 220
1756 220
1757 220
1758 220
1759 220
1760 220
1761 220
1762 220
1763 220
1764 220
1765 220
1766 220
1767 220
1768 220
1769 220
1770 220
1771 223
1772 220
1773 217
1774 127
1775 192
1776 220
1777 220
1778 220
1779 221
1780 220
1781 220
1782 220
1783 220
1784 220
1785 220
1786 220
1787 220
1788 220
1789 220
1790 220
1791 220
1792 220
1793 220
1794 220
1795 220
1796 222
1797 220
1798 220
1799 166
1800 184
1801 220
1802 220
1803 220
1804 222
1805 220
1806 220
1807 220
1808 220
1809 220
1810 220
1811 220
1812 220
1813 220
1814 220
1815 220
1816 220
1817 220
1818 220
1819 220
1820 220
1821 221
1822 220
1823 220
1824 136
1825 162
1826 220
1827 220
1828 220
1829 221
1830 220
1831 220
1832 220
1833 220
1834 220
1835 220
1836 220
1837 220
1838 220
1839 220
1840 220
1841 220
1842 220
1843 220
1844 220
1845 220
1846 220
1847 220
1848 220
1849 145
1850 141
1851 220
1852 220
1853 220
1854 220
1855 220
1856 221
1857 220
1858 221
1859 220
1860 220
1861 220
1862 220
1863 220
1864 220
1865 220
1866 220
1867 220
1868 220
1869 220
1870 220
1871 220
1872 220
1873 220
1874 137
1875 141
1876 220
1877 220
1878 220
1879 220
1880 220
1881 220
1882 220
1883 223
1884 220
1885 220
1886 220
1887 220
1888 220
1889 220
1890 220
1891 220
1892 220
1893 220
1894 220
1895 220
1896 220
1897 220
1898 218
1899 152
1900 155
1901 220
1902 220
1903 220
1904 220
1905 220
1906 220
1907 220
1908 223
1909 220
1910 220
1911 220
1912 220
1913 220
1914 220
1915 220
1916 220
1917 220
1918 220
1919 220
1920 220
1921 220
1922 220
1923 210
1924 132
1925 164
1926 220
1927 220
1928 220
1929 220
1930 220
1931 220
1932 220
1933 221
1934 220
1935 220
1936 220
1937 220
1938 220
1939 220
1940 220
1941 220
1942 220
1943 220
1944 220
1945 220
1946 220
1947 220
1948 214
1949 140
1950 174
1951 220
1952 220
1953 220
1954 220
1955 220
1956 220
1957 220
1958 220
1959 220
1960 220
1961 220
1962 220
1963 220
1964 220
1965 220
1966 220
1967 220
1968 220
1969 220
1970 220
1971 220
1972 220
1973 210
1974 125
1975 195
1976 220
1977 220
1978 220
1979 220
1980 220
1981 220
1982 220
1983 220
1984 220
1985 220
1986 220
1987 220
1988 220
1989 220
1990 220
1991 220
1992 220
1993 220
1994 220
1995 220
1996 220
1997 220
1998 219
1999 128
2000 183
2001 220
2002 220
2003 220
2004 220
2005 220
2006 220
2007 220
2008 220
2009 220
2010 220
2011 220
2012 220
2013 220
2014 220
2015 220
2016 220
2017 220
2018 220
2019 220
2020 220
2021 220
2022 220
2023 223
2024 120
2025 194
2026 220
2027 220
2028 220
2029 220
2030 220
2031 220
2032 220
2033 220
2034 220
2035 220
2036 220
2037 220
2038 220
2039 220
2040 220
2041 220
2042 220
2043 220
2044 220
2045 220
2046 220
2047 220
2048 220
2049 134
2050 187
2051 220
2052 220
2053 220
2054 220
2055 220
2056 220
2057 220
2058 220
2059 220
2060 220
2061 220
2062 220
2063 220
2064 220
2065 220
2066 220
2067 220
2068 220
2069 220
2070 220
2071 220
2072 220
2073 220
2074 117
2075 210
2076 220
2077 220
2078 220
2079 220
2080 220
2081 220
2082 220
2083 220
2084 220
2085 220
2086 220
2087 220
2088 220
2089 220
2090 220
2091 220
2092 220
2093 220
2094 220
2095 220
2096 220
2097 220
2098 220
2099 140
2100 182
2101 220
2102 220
2103 220
2104 220
2105 220
2106 220
2107 220
2108 220
2109 220
2110 220
2111 220
2112 220
2113 220
2114 220
2115 220
2116 220
2117 220
2118 220
2119 220
2120 220
2121 220
2122 220
2123 220
2124 132
2125 158
2126 220
2127 220
2128 220
2129 220
2130 220
2131 220
2132 220
2133 220
2134 220
2135 220
2136 220
2137 220
2138 220
2139 220
2140 220
2141 220
2142 220
2143 220
2144 220
2145 220
2146 220
2147 220
2148 221
2149 141
2150 177
2151 220
2152 220
2153 220
2154 220
2155 220
2156 220
2157 220
2158 221
2159 220
2160 220
2161 220
2162 220
2163 220
2164 220
2165 220
2166 220
2167 220
2168 220
2169 220
2170 220
2171 220
2172 220
2173 224
2174 129
2175 179
2176 220
2177 220
2178 220
2179 220
2180 220
2181 220
2182 220
2183 223
2184 220
2185 220
2186 220
2187 220
2188 220
2189 220
2190 220
2191 220
2192 220
2193 220
2194 220
2195 220
2196 220
2197 220
2198 222
2199 136
2200 174
2201 220
2202 220
2203 220
2204 220
2205 220
2206 220
2207 220
2208 223
2209 220
2210 220
2211 220
2212 220
2213 220
2214 220
2215 220
2216 220
2217 220
2218 220
2219 220
2220 220
2221 220
2222 220
2223 222
2224 125
2225 176
2226 220
2227 220
2228 220
2229 220
2230 220
2231 220
2232 220
2233 222
2234 220
2235 220
2236 220
2237 220
2238 220
2239 220
2240 220
2241 220
2242 220
2243 220
2244 220
2245 220
2246 220
2247 220
2248 220
2249 141
2250 176
2251 220
2252 220
2253 220
2254 220
2255 220
2256 220
2257 220
2258 222
2259 221
2260 220
2261 220
2262 220
2263 220
2264 220
2265 220
2266 220
2267 220
2268 220
2269 220
2270 221
2271 220
2272 220
2273 221
2274 132
2275 196
2276 220
2277 220
2278 220
2279 220
2280 220
2281 220
2282 220
2283 222
2284 220
2285 220
2286 220
2287 220
2288 220
2289 220
2290 220
2291 220
2292 220
2293 220
2294 220
2295 220
2296 220
2297 220
2298 220
2299 146
2300 184
2301 220
2302 220
2303 220
2304 220
2305 220
2306 220
2307 220
2308 220
2309 220
2310 220
2311 220
2312 220
2313 220
2314 220
2315 220
2316 220
2317 220
2318 220
2319 220
2320 220
2321 220
2322 220
2323 220
2324 127
2325 175
2326 220
2327 220
2328 220
2329 220
2330 220
2331 220
2332 220
2333 220
2334 220
2335 220
2336 220
2337 220
2338 220
2339 220
2340 220
2341 220
2342 220
2343 220
2344 220
2345 220
2346 220
2347 220
2348 220
2349 140
2350 171
2351 220
2352 220
2353 220
2354 220
2355 220
2356 220
2357 220
2358 220
2359 220
2360 220
2361 220
2362 220
2363 220
2364 220
2365 220
2366 220
2367 220
2368 220
2369 220
2370 220
2371 220
2372 220
2373 220
2374 131
2375 174
2376 220
2377 220
2378 220
2379 220
2380 220
2381 220
2382 220
2383 220
2384 220
2385 220
2386 220
2387 220
2388 220
2389 220
2390 220
2391 220
2392 220
2393 220
2394 220
2395 220
2396 220
2397 220
2398 220
2399 142
2400 173
2401 220
2402 220
2403 220
2404 220
2405 220
2406 220
2407 220
2408 220
2409 220
2410 220
2411 220
2412 220
2413 220
2414 220
2415 220
2416 220
2417 220
2418 220
2419 220
2420 220
2421 220
2422 221
2423 222
2424 131
2425 185
2426 220
2427 220
2428 220
2429 220
2430 220
2431 220
2432 220
2433 220
2434 220
2435 220
2436 220
2437 220
2438 220
2439 220
2440 220
2441 220
2442 220
2443 220
2444 221
2445 220
2446 220
2447 221
2448 220
2449 155
2450 178
2451 220
2452 220
2453 220
2454 220
2455 220
2456 220
2457 220
2458 220
2459 220
2460 220
2461 220
2462 220
2463 220
2464 220
2465 220
2466 220
2467 220
2468 220
2469 222
2470 220
2471 220
2472 221
2473 220
2474 147
2475 161
2476 220
2477 220
2478 220
2479 220
2480 220
2481 220
2482 220
2483 220
2484 220
2485 220
2486 220
2487 220
2488 220
2489 220
2490 220
2491 220
2492 220
2493 220
2494 221
2495 220
2496 220
2497 220
2498 220
2499 161
2500 177
2501 220
2502 220
2503 220
2504 220
2505 220
2506 220
2507 220
2508 220
2509 220
2510 220
2511 220
2512 220
2513 220
2514 220
2515 220
2516 220
2517 220
2518 220
2519 220
2520 220
2521 222
2522 220
2523 220
2524 131
2525 164
2526 220
2527 220
2528 220
2529 220
2530 220
2531 220
2532 220
2533 220
2534 220
2535 220
2536 220
2537 220
2538 220
2539 220
2540 220
2541 220
2542 220
2543 220
2544 220
2545 220
2546 220
2547 220
2548 220
2549 145
2550 184
2551 220
2552 220
2553 220
2554 220
2555 220
2556 220
2557 220
2558 220
2559 220
2560 220
2561 220
2562 220
2563 220
2564 220
2565 220
2566 220
2567 220
2568 220
2569 220
2570 220
2571 220
2572 220
2573 220
2574 137
2575 201
2576 220
2577 220
2578 220
2579 220
2580 220
2581 220
2582 220
2583 220
2584 220
2585 220
2586 220
2587 220
2588 220
2589 220
2590 220
2591 220
2592 220
2593 220
2594 220
2595 220
2596 220
2597 220
2598 220
2599 164
2600 192
2601 220
2602 220
2603 220
2604 220
2605 220
2606 220
2607 220
2608 220
2609 220
2610 220
2611 220
2612 220
2613 220
2614 220
2615 220
2616 220
2617 220
2618 220
2619 220
2620 220
2621 220
2622 220
2623 220
2624 151
2625 177
2626 220
2627 220
2628 220
2629 220
2630 220
2631 220
2632 220
2633 220
2634 220
2635 220
2636 220
2637 220
2638 220
2639 220
2640 220
2641 220
2642 220
2643 220
2644 220
2645 220
2646 220
2647 220
2648 220
2649 158
2650 177
2651 220
2652 220
2653 220
2654 220
2655 220
2656 220
2657 220
2658 220
2659 220
2660 220
2661 220
2662 220
2663 220
2664 220
2665 220
2666 220
2667 220
2668 220
2669 220
2670 220
2671 220
2672 220
2673 220
2674 131
2675 170
2676 220
2677 220
2678 220
2679 220
2680 220
2681 220
2682 220
2683 220
2684 220
2685 220
2686 220
2687 220
2688 220
2689 220
2690 220
2691 220
2692 220
2693 220
2694 220
2695 220
2696 220
2697 220
2698 220
2699 157
2700 178
2701 220
2702 220
2703 220
2704 220
2705 220
2706 220
2707 220
2708 220
2709 220
2710 220
2711 220
2712 220
2713 220
2714 220
2715 220
2716 220
2717 220
2718 220
2719 220
2720 220
2721 220
2722 220
2723 220
2724 131
2725 179
2726 220
2727 220
2728 220
2729 220
2730 220
2731 220
2732 220
2733 220
2734 220
2735 220
2736 220
2737 220
2738 220
2739 220
2740 220
2741 220
2742 220
2743 220
2744 220
2745 220
2746 220
2747 220
2748 220
2749 161
2750 192
2751 220
2752 220
2753 220
2754 220
2755 220
2756 220
2757 220
2758 220
2759 220
2760 220
2761 220
2762 220
2763 220
2764 220
2765 220
2766 220
2767 220
2768 220
2769 220
2770 220
2771 220
2772 222
2773 220
2774 145
2775 206
2776 220
2777 220
2778 220
2779 220
2780 220
2781 220
2782 220
2783 220
2784 220
2785 220
2786 220
2787 220
2788 220
2789 220
2790 220
2791 220
2792 220
2793 220
2794 220
2795 220
2796 220
2797 220
2798 220
2799 164
2800 179
2801 220
2802 220
2803 220
2804 220
2805 220
2806 220
2807 220
2808 220
2809 220
2810 220
2811 220
2812 220
2813 220
2814 220
2815 220
2816 220
2817 220
2818 220
2819 220
2820 220
2821 220
2822 220
2823 220
2824 153
2825 168
2826 220
2827 220
2828 220
2829 220
2830 220
2831 220
2832 220
2833 220
2834 220
2835 220
2836 220
2837 220
2838 220
2839 220
2840 220
2841 220
2842 220
2843 220
2844 220
2845 220
2846 220
2847 221
2848 220
2849 173
2850 168
2851 220
2852 220
2853 220
2854 220
2855 220
2856 220
2857 220
2858 220
2859 220
2860 220
2861 220
2862 220
2863 220
2864 220
2865 220
2866 220
2867 220
2868 220
2869 220
2870 220
2871 220
2872 222
2873 220
2874 168
2875 169
2876 220
2877 220
2878 220
2879 220
2880 220
2881 220
2882 220
2883 220
2884 220
2885 220
2886 220
2887 220
2888 220
2889 220
2890 220
2891 220
2892 220
2893 220
2894 220
2895 222
2896 222
2897 222
2898 220
2899 174
2900 169
2901 220
2902 220
2903 220
2904 220
2905 220
2906 220
2907 220
2908 220
2909 220
2910 220
2911 220
2912 220
2913 220
2914 220
2915 220
2916 220
2917 220
2918 220
2919 220
2920 223
2921 223
2922 222
2923 220
2924 147
2925 171
2926 220
2927 220
2928 220
2929 220
2930 220
2931 220
2932 220
2933 220
2934 220
2935 220
2936 220
2937 220
2938 220
2939 220
2940 220
2941 220
2942 220
2943 220
2944 220
2945 223
2946 223
2947 223
2948 220
2949 174
2950 196
2951 220
2952 220
2953 220
2954 220
2955 220
2956 220
2957 220
2958 220
2959 220
2960 220
2961 220
2962 220
2963 220
2964 220
2965 220
2966 220
2967 220
2968 220
2969 220
2970 223
2971 223
2972 223
2973 223
2974 159
2975 189
2976 220
2977 220
2978 220
2979 220
2980 220
2981 220
2982 220
2983 220
2984 220
2985 220
2986 220
2987 220
2988 220
2989 220
2990 220
2991 220
2992 220
2993 220
2994 220
2995 223
2996 223
2997 223
2998 220
2999 173
3000 178
3001 220
3002 220
3003 220
3004 220
3005 220
3006 220
3007 220
3008 220
3009 220
3010 220
3011 220
3012 220
3013 220
3014 220
3015 220
3016 220
3017 220
3018 220
3019 220
3020 224
3021 223
3022 223
3023 224
3024 158
3025 158
3026 220
3027 220
3028 220
3029 220
3030 220
3031 220
3032 220
3033 220
3034 220
3035 220
3036 220
3037 220
3038 220
3039 220
3040 220
3041 220
3042 220
3043 220
3044 220
3045 224
3046 224
3047 222
3048 220
3049 167
3050 168
3051 220
3052 220
3053 220
3054 220
3055 220
3056 220
3057 220
3058 220
3059 220
3060 220
3061 220
3062 220
3063 220
3064 220
3065 220
3066 220
3067 220
3068 220
3069 220
3070 224
3071 224
3072 222
3073 220
3074 148
3075 149
3076 220
3077 220
3078 220
3079 220
3080 220
3081 220
3082 220
3083 220
3084 220
3085 220
3086 220
3087 220
3088 220
3089 220
3090 220
3091 220
3092 220
3093 220
3094 220
3095 224
3096 224
3097 222
3098 220
3099 183
3100 170
3101 220
3102 220
3103 220
3104 220
3105 220
3106 220
3107 220
3108 220
3109 220
3110 220
3111 220
3112 220
3113 220
3114 220
3115 220
3116 220
3117 220
3118 220
3119 220
3120 224
3121 223
3122 222
3123 220
3124 199
3125 183
3126 220
3127 220
3128 220
3129 220
3130 220
3131 220
3132 220
3133 220
3134 220
3135 220
3136 220
3137 220
3138 220
3139 221
3140 220
3141 220
3142 220
3143 220
3144 220
3145 224
3146 222
3147 222
3148 220
3149 199
3150 201
3151 220
3152 220
3153 220
3154 220
3155 220
3156 220
3157 220
3158 220
3159 220
3160 220
3161 220
3162 220
3163 220
3164 223
3165 220
3166 220
3167 220
3168 220
3169 220
3170 224
3171 220
3172 221
3173 220
3174 188
3175 224
3176 220
3177 220
3178 220
3179 220
3180 220
3181 220
3182 220
3183 220
3184 220
3185 220
3186 220
3187 220
3188 220
3189 222
3190 220
3191 220
3192 220
3193 220
3194 220
3195 224
3196 220
3197 220
3198 220
3199 197
3200 208
3201 220
3202 220
3203 220
3204 220
3205 220
3206 220
3207 220
3208 220
3209 220
3210 220
3211 220
3212 220
3213 220
3214 220
3215 220
3216 220
3217 220
3218 220
3219 220
3220 224
3221 220
3222 220
3223 220
3224 196
3225 202
3226 220
3227 220
3228 220
3229 220
3230 220
3231 220
3232 220
3233 220
3234 220
3235 220
3236 220
3237 220
3238 220
3239 220
3240 222
3241 220
3242 220
3243 220
3244 220
3245 224
3246 220
3247 220
3248 220
3249 208
3250 203
3251 220
3252 220
3253 220
3254 220
3255 220
3256 220
3257 220
3258 220
3259 220
3260 220
3261 220
3262 220
3263 220
3264 220
3265 222
3266 220
3267 220
3268 220
3269 220
3270 224
3271 220
3272 220
3273 220
3274 223
3275 208
3276 220
3277 220
3278 220
3279 220
3280 220
3281 220
3282 220
3283 220
3284 220
3285 220
3286 220
3287 220
3288 220
3289 220
3290 222
3291 220
3292 220
3293 220
3294 220
3295 224
3296 220
3297 222
3298 220
3299 224
3300 212
3301 220
3302 220
3303 220
3304 220
3305 220
3306 220
3307 220
3308 220
3309 220
3310 220
3311 220
3312 220
3313 220
3314 220
3315 222
3316 220
3317 220
3318 220
3319 220
3320 224
3321 220
3322 223
3323 220
3324 223
3325 218
3326 220
3327 220
3328 220
3329 220
3330 220
3331 220
3332 220
3333 220
3334 220
3335 220
3336 220
3337 220
3338 220
3339 220
3340 221
3341 220
3342 220
3343 220
3344 220
3345 224
3346 220
3347 222
3348 220
3349 223
3350 209
3351 220
3352 220
3353 220
3354 220
3355 220
3356 220
3357 220
3358 220
3359 220
3360 220
3361 220
3362 220
3363 220
3364 220
3365 221
3366 220
3367 220
3368 220
3369 220
3370 223
3371 220
3372 222
3373 220
3374 221
3375 190
3376 220
3377 220
3378 220
3379 220
3380 220
3381 220
3382 220
3383 220
3384 220
3385 220
3386 220
3387 220
3388 220
3389 220
3390 221
3391 220
3392 220
3393 220
3394 220
3395 222
3396 220
3397 221
3398 220
3399 220
3400 203
3401 220
3402 220
3403 220
3404 220
3405 220
3406 220
3407 220
3408 220
3409 220
3410 220
3411 220
3412 220
3413 220
3414 220
3415 221
3416 220
3417 220
3418 220
3419 220
3420 223
3421 220
3422 221
3423 220
3424 221
3425 197
3426 220
3427 220
3428 220
3429 220
3430 220
3431 220
3432 220
3433 220
3434 220
3435 220
3436 220
3437 220
3438 220
3439 220
3440 220
3441 220
3442 220
3443 220
3444 220
3445 223
3446 220
3447 220
3448 220
3449 222
3450 203
3451 220
3452 220
3453 220
3454 220
3455 220
3456 220
3457 220
3458 220
3459 220
3460 220
3461 220
3462 220
3463 220
3464 220
3465 220
3466 220
3467 220
3468 220
3469 220
3470 220
3471 220
3472 220
3473 220
3474 224
3475 197
3476 220
3477 220
3478 220
3479 220
3480 220
3481 220
3482 220
3483 220
3484 220
3485 220
3486 220
3487 220
3488 220
3489 220
3490 220
3491 220
3492 220
3493 220
3494 220
3495 220
3496 220
3497 221
3498 220
3499 214
3500 199
3501 220
3502 220
3503 220
3504 220
3505 220
3506 220
3507 220
3508 220
3509 220
3510 220
3511 220
3512 220
3513 220
3514 220
3515 220
3516 220
3517 220
3518 220
3519 220
3520 220
3521 220
3522 222
3523 220
3524 190
3525 194
3526 220
3527 220
3528 220
3529 220
3530 220
3531 220
3532 220
3533 220
3534 220
3535 220
3536 220
3537 220
3538 220
3539 220
3540 222
3541 220
3542 220
3543 220
3544 220
3545 220
3546 220
3547 221
3548 220
3549 207
3550 211
3551 220
3552 220
3553 220
3554 220
3555 220
3556 220
3557 220
3558 220
3559 220
3560 220
3561 220
3562 220
3563 220
3564 220
3565 223
3566 220
3567 220
3568 220
3569 220
3570 220
3571 220
3572 220
3573 220
3574 201
3575 223
3576 220
3577 220
3578 220
3579 220
3580 220
3581 220
3582 220
3583 220
3584 220
3585 220
3586 220
3587 220
3588 220
3589 220
3590 223
3591 220
3592 220
3593 220
3594 220
3595 220
3596 220
3597 220
3598 220
3599 214
3600 215
3601 220
3602 220
3603 220
3604 220
3605 220
3606 220
3607 220
3608 220
3609 220
3610 220
3611 220
3612 220
3613 220
3614 220
3615 222
3616 220
3617 220
3618 220
3619 220
3620 220
3621 220
3622 220
3623 220
3624 210
3625 216
3626 220
3627 220
3628 220
3629 220
3630 220
3631 220
3632 220
3633 220
3634 220
3635 220
3636 220
3637 220
3638 220
3639 220
3640 222
3641 220
3642 220
3643 220
3644 220
3645 220
3646 220
3647 221
3648 220
3649 220
3650 221
3651 220
3652 220
3653 220
3654 220
3655 220
3656 220
3657 220
3658 220
3659 220
3660 220
3661 220
3662 220
3663 220
3664 220
3665 222
3666 220
3667 220
3668 220
3669 220
3670 220
3671 220
3672 222
3673 220
3674 223
3675 224
3676 220
3677 220
3678 220
3679 220
3680 220
3681 220
3682 220
3683 220
3684 220
3685 220
3686 220
3687 220
3688 220
3689 220
3690 222
3691 220
3692 220
3693 220
3694 220
3695 220
3696 220
3697 223
3698 220
3699 224
3700 218
3701 220
3702 220
3703 220
3704 220
3705 220
3706 220
3707 220
3708 220
3709 220
3710 220
3711 220
3712 220
3713 220
3714 220
3715 222
3716 220
3717 220
3718 220
3719 220
3720 220
3721 220
3722 221
3723 220
3724 224
3725 224
3726 220
3727 220
3728 220
3729 220
3730 220
3731 220
3732 220
3733 220
3734 220
3735 220
3736 220
3737 220
3738 220
3739 220
3740 221
3741 220
3742 220
3743 220
3744 220
3745 220
3746 220
3747 220
3748 220
3749 223
3750 216
