SD: 25 150
1 220
2 220
3 220
4 220
5 220
6 220
7 220
8 220
9 220
10 220
11 220
12 220
13 203
14 190
15 224
16 222
17 224
18 213
19 220
20 171
21 155
22 180
23 212
24 173
25 224
26 220
27 220
28 220
29 220
30 220
31 220
32 220
33 220
34 220
35 220
36 220
37 219
38 214
39 205
40 218
41 217
42 218
43 213
44 220
45 199
46 184
47 204
48 215
49 207
50 220
51 220
52 220
53 220
54 220
55 220
56 220
57 220
58 220
59 220
60 220
61 220
62 220
63 221
64 220
65 219
66 218
67 220
68 221
69 219
70 207
71 179
72 224
73 218
74 224
75 224
76 220
77 220
78 220
79 220
80 220
81 220
82 220
83 220
84 220
85 220
86 220
87 220
88 220
89 220
90 220
91 218
92 214
93 220
94 218
95 212
96 192
97 221
98 220
99 221
100 210
101 220
102 220
103 220
104 220
105 220
106 220
107 220
108 220
109 220
110 220
111 220
112 220
113 215
114 220
115 220
116 214
117 199
118 220
119 223
120 217
121 189
122 220
123 220
124 224
125 215
126 220
127 220
128 220
129 220
130 220
131 220
132 220
133 220
134 220
135 220
136 220
137 220
138 217
139 220
140 220
141 217
142 199
143 220
144 213
145 201
146 206
147 220
148 220
149 220
150 213
151 220
152 220
153 220
154 220
155 220
156 220
157 220
158 220
159 220
160 220
161 220
162 220
163 219
164 220
165 220
166 224
167 178
168 222
169 211
170 176
171 185
172 223
173 220
174 224
175 224
176 220
177 220
178 220
179 220
180 220
181 220
182 220
183 220
184 220
185 220
186 218
187 220
188 220
189 219
190 199
191 172
192 221
193 218
194 208
195 198
196 213
197 220
198 218
199 219
200 176
201 220
202 220
203 220
204 220
205 220
206 220
207 220
208 220
209 220
210 220
211 215
212 220
213 220
214 219
215 184
216 140
217 218
218 222
219 224
220 205
221 201
222 220
223 216
224 224
225 158
226 220
227 220
228 220
229 220
230 220
231 220
232 220
233 220
234 220
235 220
236 220
237 217
238 217
239 220
240 219
241 204
242 166
243 217
244 220
245 220
246 213
247 209
248 220
249 212
250 217
251 220
252 220
253 220
254 220
255 220
256 220
257 220
258 220
259 220
260 220
261 220
262 221
263 214
264 223
265 222
266 222
267 143
268 224
269 220
270 220
271 224
272 221
273 223
274 205
275 222
276 220
277 220
278 220
279 220
280 220
281 220
282 220
283 220
284 220
285 220
286 220
287 216
288 214
289 213
290 213
291 213
292 174
293 220
294 220
295 219
296 217
297 220
298 220
299 217
300 216
301 220
302 220
303 220
304 220
305 220
306 220
307 220
308 220
309 220
310 220
311 219
312 209
313 214
314 208
315 208
316 216
317 170
318 222
319 220
320 210
321 182
322 220
323 220
324 223
325 223
326 220
327 220
328 220
329 220
330 220
331 220
332 220
333 220
334 220
335 220
336 218
337 216
338 210
339 218
340 215
341 223
342 190
343 215
344 220
345 210
346 211
347 220
348 220
349 220
350 219
351 224
352 219
353 220
354 220
355 220
356 220
357 220
358 220
359 220
360 220
361 219
362 223
363 197
364 220
365 219
366 251
367 185
368 218
369 224
370 213
371 224
372 220
373 220
374 220
375 220
376 185
377 223
378 220
379 220
380 220
381 220
382 220
383 220
384 220
385 220
386 220
387 220
388 210
389 220
390 220
391 220
392 205
393 221
394 208
395 199
396 220
397 220
398 220
399 220
400 220
401 104
402 224
403 224
404 220
405 220
406 220
407 220
408 220
409 220
410 220
411 220
412 220
413 215
414 220
415 220
416 220
417 201
418 220
419 192
420 172
421 219
422 220
423 220
424 223
425 221
426 93
427 188
428 218
429 222
430 217
431 220
432 220
433 220
434 220
435 220
436 220
437 220
438 218
439 220
440 220
441 220
442 216
443 220
444 191
445 189
446 218
447 220
448 220
449 214
450 206
451 107
452 96
453 174
454 224
455 190
456 220
457 220
458 220
459 220
460 220
461 220
462 220
463 220
464 220
465 220
466 220
467 223
468 220
469 172
470 197
471 219
472 220
473 220
474 186
475 193
476 107
477 93
478 118
479 188
480 178
481 222
482 220
483 220
484 220
485 220
486 220
487 220
488 220
489 220
490 220
491 220
492 220
493 220
494 186
495 207
496 220
497 220
498 220
499 208
500 216
501 106
502 110
503 94
504 110
505 111
506 224
507 220
508 219
509 224
510 220
511 220
512 220
513 220
514 220
515 220
516 220
517 220
518 222
519 184
520 217
521 219
522 220
523 220
524 201
525 224
526 106
527 107
528 97
529 86
530 89
531 220
532 220
533 217
534 215
535 221
536 220
537 220
538 220
539 220
540 220
541 220
542 220
543 220
544 213
545 218
546 218
547 220
548 220
549 212
550 217
551 104
552 105
553 107
554 97
555 106
556 221
557 224
558 219
559 194
560 217
561 220
562 224
563 220
564 220
565 220
566 220
567 220
568 220
569 224
570 219
571 219
572 220
573 220
574 215
575 210
576 104
577 103
578 109
579 98
580 97
581 168
582 210
583 222
584 200
585 197
586 224
587 220
588 220
589 220
590 220
591 220
592 220
593 220
594 220
595 220
596 220
597 220
598 220
599 218
600 207
601 104
602 102
603 104
604 102
605 103
606 93
607 130
608 224
609 203
610 174
611 224
612 209
613 224
614 220
615 220
616 220
617 220
618 220
619 220
620 220
621 220
622 220
623 220
624 220
625 207
626 103
627 101
628 102
629 101
630 102
631 85
632 95
633 180
634 193
635 136
636 174
637 166
638 223
639 221
640 220
641 220
642 220
643 220
644 220
645 220
646 220
647 220
648 220
649 220
650 199
651 102
652 101
653 101
654 100
655 101
656 102
657 101
658 85
659 159
660 92
661 94
662 95
663 196
664 224
665 224
666 224
667 220
668 220
669 220
670 220
671 220
672 220
673 220
674 223
675 195
676 102
677 100
678 101
679 100
680 99
681 100
682 98
683 75
684 121
685 90
686 80
687 85
688 141
689 190
690 224
691 224
692 220
693 220
694 220
695 220
696 220
697 220
698 220
699 219
700 212
701 100
702 101
703 102
704 100
705 98
706 99
707 98
708 96
709 93
710 99
711 96
712 98
713 84
714 115
715 205
716 237
717 224
718 220
719 220
720 220
721 220
722 220
723 220
724 220
725 224
726 101
727 103
728 101
729 102
730 98
731 98
732 98
733 98
734 87
735 95
736 94
737 89
738 74
739 79
740 148
741 148
742 220
743 222
744 222
745 220
746 220
747 220
748 220
749 220
750 220
751 103
752 104
753 101
754 102
755 98
756 97
757 97
758 97
759 94
760 93
761 93
762 94
763 91
764 87
765 76
766 76
767 172
768 224
769 224
770 224
771 220
772 220
773 220
774 220
775 220
776 103
777 111
778 100
779 101
780 98
781 95
782 97
783 95
784 93
785 91
786 89
787 91
788 90
789 91
790 71
791 71
792 123
793 180
794 207
795 216
796 221
797 220
798 220
799 220
800 220
801 103
802 104
803 100
804 100
805 97
806 95
807 96
808 93
809 93
810 91
811 90
812 90
813 90
814 89
815 87
816 87
817 88
818 90
819 168
820 181
821 224
822 220
823 220
824 220
825 220
826 102
827 103
828 100
829 101
830 98
831 95
832 96
833 94
834 85
835 91
836 90
837 91
838 90
839 88
840 86
841 86
842 77
843 63
844 142
845 146
846 215
847 218
848 220
849 220
850 220
851 105
852 103
853 101
854 102
855 98
856 95
857 97
858 95
859 94
860 91
861 91
862 91
863 89
864 87
865 87
866 87
867 87
868 83
869 92
870 83
871 157
872 196
873 224
874 220
875 220
876 111
877 104
878 103
879 101
880 99
881 95
882 101
883 96
884 96
885 88
886 84
887 89
888 88
889 87
890 87
891 87
892 83
893 84
894 75
895 63
896 116
897 179
898 201
899 223
900 221
901 103
902 107
903 102
904 99
905 100
906 96
907 97
908 96
909 93
910 90
911 89
912 88
913 88
914 88
915 86
916 86
917 83
918 84
919 85
920 85
921 80
922 100
923 136
924 224
925 224
926 97
927 105
928 100
929 97
930 99
931 96
932 96
933 95
934 94
935 91
936 90
937 88
938 89
939 87
940 86
941 86
942 83
943 83
944 83
945 84
946 69
947 64
948 102
949 185
950 215
951 107
952 100
953 101
954 101
955 98
956 97
957 94
958 94
959 94
960 91
961 91
962 89
963 89
964 87
965 87
966 87
967 83
968 83
969 82
970 83
971 81
972 77
973 75
974 83
975 148
976 103
977 97
978 95
979 102
980 98
981 98
982 91
983 93
984 94
985 91
986 92
987 89
988 88
989 86
990 86
991 86
992 86
993 82
994 81
995 81
996 77
997 77
998 69
999 49
1000 78
1001 110
1002 110
1003 109
1004 100
1005 94
1006 97
1007 95
1008 94
1009 93
1010 93
1011 92
1012 89
1013 87
1014 86
1015 86
1016 86
1017 83
1018 81
1019 80
1020 79
1021 78
1022 78
1023 78
1024 74
1025 70
1026 113
1027 101
1028 110
1029 102
1030 91
1031 97
1032 96
1033 95
1034 93
1035 93
1036 91
1037 89
1038 88
1039 86
1040 90
1041 90
1042 82
1043 80
1044 78
1045 80
1046 79
1047 78
1048 77
1049 72
1050 72
1051 142
1052 114
1053 107
1054 111
1055 103
1056 98
1057 97
1058 94
1059 93
1060 91
1061 89
1062 89
1063 88
1064 86
1065 85
1066 85
1067 82
1068 81
1069 80
1070 80
1071 78
1072 77
1073 76
1074 75
1075 77
1076 187
1077 150
1078 137
1079 110
1080 109
1081 102
1082 106
1083 94
1084 91
1085 92
1086 82
1087 88
1088 88
1089 85
1090 84
1091 84
1092 82
1093 82
1094 82
1095 78
1096 76
1097 77
1098 76
1099 75
1100 75
1101 215
1102 171
1103 182
1104 114
1105 119
1106 110
1107 104
1108 95
1109 97
1110 93
1111 91
1112 89
1113 89
1114 84
1115 84
1116 84
1117 83
1118 82
1119 82
1120 78
1121 76
1122 76
1123 75
1124 75
1125 74
1126 220
1127 217
1128 218
1129 144
1130 127
1131 106
1132 112
1133 88
1134 100
1135 92
1136 91
1137 89
1138 89
1139 85
1140 84
1141 84
1142 85
1143 82
1144 83
1145 80
1146 77
1147 76
1148 75
1149 74
1150 74
1151 224
1152 224
1153 224
1154 167
1155 136
1156 111
1157 109
1158 93
1159 105
1160 91
1161 91
1162 91
1163 87
1164 87
1165 86
1166 86
1167 85
1168 83
1169 80
1170 80
1171 77
1172 76
1173 76
1174 73
1175 74
1176 222
1177 220
1178 220
1179 207
1180 175
1181 168
1182 106
1183 102
1184 98
1185 90
1186 92
1187 91
1188 85
1189 84
1190 87
1191 87
1192 86
1193 82
1194 80
1195 79
1196 77
1197 76
1198 76
1199 73
1200 73
1201 220
1202 220
1203 220
1204 224
1205 172
1206 204
1207 139
1208 136
1209 103
1210 99
1211 98
1212 87
1213 84
1214 88
1215 87
1216 87
1217 84
1218 81
1219 80
1220 77
1221 78
1222 76
1223 76
1224 73
1225 73
1226 220
1227 222
1228 220
1229 220
1230 215
1231 217
1232 191
1233 194
1234 156
1235 102
1236 92
1237 93
1238 94
1239 91
1240 87
1241 87
1242 84
1243 80
1244 80
1245 76
1246 77
1247 76
1248 75
1249 73
1250 74
1251 220
1252 222
1253 219
1254 220
1255 224
1256 224
1257 208
1258 224
1259 210
1260 124
1261 109
1262 102
1263 101
1264 117
1265 96
1266 96
1267 84
1268 80
1269 80
1270 77
1271 76
1272 75
1273 75
1274 73
1275 73
1276 220
1277 222
1278 222
1279 220
1280 222
1281 220
1282 214
1283 214
1284 224
1285 199
1286 122
1287 98
1288 102
1289 129
1290 103
1291 103
1292 83
1293 80
1294 81
1295 76
1296 77
1297 75
1298 75
1299 73
1300 72
1301 220
1302 222
1303 224
1304 217
1305 224
1306 220
1307 224
1308 211
1309 224
1310 224
1311 141
1312 108
1313 108
1314 116
1315 107
1316 107
1317 86
1318 82
1319 78
1320 76
1321 78
1322 76
1323 76
1324 73
1325 72
1326 220
1327 222
1328 223
1329 222
1330 222
1331 220
1332 222
1333 217
1334 220
1335 223
1336 197
1337 116
1338 109
1339 118
1340 106
1341 106
1342 92
1343 85
1344 79
1345 77
1346 78
1347 75
1348 76
1349 74
1350 72
1351 220
1352 222
1353 222
1354 222
1355 220
1356 220
1357 220
1358 222
1359 220
1360 221
1361 224
1362 140
1363 121
1364 121
1365 104
1366 104
1367 95
1368 90
1369 81
1370 79
1371 77
1372 75
1373 75
1374 74
1375 73
1376 220
1377 222
1378 221
1379 221
1380 220
1381 220
1382 221
1383 222
1384 220
1385 221
1386 223
1387 205
1388 147
1389 119
1390 107
1391 107
1392 91
1393 96
1394 84
1395 80
1396 76
1397 75
1398 75
1399 74
1400 73
1401 220
1402 221
1403 221
1404 220
1405 220
1406 220
1407 223
1408 220
1409 220
1410 222
1411 220
1412 224
1413 166
1414 133
1415 118
1416 126
1417 106
1418 98
1419 87
1420 81
1421 77
1422 76
1423 75
1424 73
1425 72
1426 220
1427 222
1428 221
1429 220
1430 220
1431 220
1432 222
1433 220
1434 220
1435 222
1436 221
1437 222
1438 207
1439 153
1440 134
1441 134
1442 110
1443 88
1444 84
1445 77
1446 71
1447 85
1448 69
1449 73
1450 71
1451 220
1452 222
1453 221
1454 220
1455 220
1456 220
1457 220
1458 220
1459 220
1460 220
1461 221
1462 220
1463 224
1464 157
1465 134
1466 134
1467 126
1468 111
1469 100
1470 90
1471 77
1472 105
1473 77
1474 75
1475 72
1476 220
1477 223
1478 223
1479 220
1480 220
1481 220
1482 220
1483 220
1484 220
1485 220
1486 221
1487 221
1488 222
1489 195
1490 169
1491 169
1492 152
1493 150
1494 117
1495 91
1496 88
1497 96
1498 80
1499 76
1500 72
1501 220
1502 223
1503 224
1504 220
1505 220
1506 220
1507 220
1508 220
1509 220
1510 220
1511 220
1512 222
1513 221
1514 222
1515 179
1516 243
1517 170
1518 174
1519 148
1520 119
1521 103
1522 95
1523 84
1524 77
1525 73
1526 220
1527 223
1528 212
1529 222
1530 220
1531 220
1532 220
1533 220
1534 220
1535 220
1536 220
1537 222
1538 221
1539 222
1540 202
1541 202
1542 202
1543 198
1544 187
1545 143
1546 107
1547 102
1548 83
1549 81
1550 76
1551 220
1552 223
1553 193
1554 224
1555 220
1556 220
1557 220
1558 220
1559 220
1560 220
1561 220
1562 221
1563 220
1564 223
1565 220
1566 220
1567 221
1568 211
1569 192
1570 162
1571 120
1572 111
1573 90
1574 91
1575 83
1576 220
1577 223
1578 199
1579 208
1580 222
1581 220
1582 220
1583 220
1584 220
1585 220
1586 220
1587 221
1588 220
1589 224
1590 220
1591 220
1592 217
1593 218
1594 195
1595 190
1596 137
1597 125
1598 113
1599 85
1600 92
1601 220
1602 222
1603 201
1604 191
1605 224
1606 220
1607 220
1608 220
1609 220
1610 220
1611 213
1612 222
1613 220
1614 222
1615 223
1616 255
1617 224
1618 218
1619 193
1620 194
1621 158
1622 144
1623 144
1624 106
1625 110
1626 220
1627 222
1628 215
1629 197
1630 215
1631 221
1632 220
1633 220
1634 220
1635 216
1636 219
1637 222
1638 220
1639 222
1640 223
1641 223
1642 222
1643 218
1644 207
1645 202
1646 190
1647 170
1648 151
1649 151
1650 117
1651 220
1652 220
1653 224
1654 202
1655 198
1656 221
1657 219
1658 220
1659 220
1660 195
1661 215
1662 220
1663 220
1664 220
1665 223
1666 223
1667 224
1668 220
1669 212
1670 210
1671 198
1672 178
1673 142
1674 176
1675 140
1676 220
1677 220
1678 223
1679 217
1680 213
1681 221
1682 219
1683 220
1684 220
1685 212
1686 211
1687 219
1688 220
1689 220
1690 223
1691 223
1692 224
1693 223
1694 213
1695 215
1696 212
1697 184
1698 162
1699 188
1700 155
1701 220
1702 220
1703 224
1704 224
1705 220
1706 220
1707 222
1708 220
1709 220
1710 213
1711 217
1712 222
1713 220
1714 220
1715 224
1716 224
1717 222
1718 224
1719 209
1720 215
1721 224
1722 195
1723 172
1724 188
1725 174
1726 220
1727 220
1728 224
1729 223
1730 222
1731 220
1732 223
1733 220
1734 220
1735 218
1736 214
1737 220
1738 220
1739 221
1740 223
1741 223
1742 223
1743 223
1744 207
1745 215
1746 223
1747 190
1748 178
1749 177
1750 163
1751 220
1752 220
1753 224
1754 224
1755 222
1756 220
1757 220
1758 220
1759 220
1760 224
1761 204
1762 220
1763 220
1764 221
1765 223
1766 223
1767 223
1768 223
1769 195
1770 212
1771 224
1772 179
1773 188
1774 182
1775 157
1776 220
1777 220
1778 223
1779 224
1780 222
1781 220
1782 218
1783 220
1784 220
1785 222
1786 214
1787 220
1788 222
1789 221
1790 223
1791 223
1792 223
1793 222
1794 194
1795 208
1796 224
1797 193
1798 192
1799 178
1800 143
1801 220
1802 220
1803 222
1804 223
1805 221
1806 220
1807 219
1808 220
1809 220
1810 220
1811 221
1812 220
1813 224
1814 220
1815 223
1816 223
1817 222
1818 222
1819 186
1820 205
1821 224
1822 195
1823 200
1824 179
1825 129
1826 220
1827 220
1828 221
1829 224
1830 221
1831 220
1832 220
1833 220
1834 220
1835 220
1836 220
1837 220
1838 223
1839 220
1840 223
1841 255
1842 223
1843 215
1844 189
1845 202
1846 224
1847 194
1848 195
1849 188
1850 124
1851 220
1852 220
1853 220
1854 224
1855 221
1856 220
1857 220
1858 220
1859 220
1860 220
1861 220
1862 220
1863 220
1864 220
1865 224
1866 224
1867 223
1868 220
1869 186
1870 192
1871 224
1872 189
1873 193
1874 182
1875 120
1876 220
1877 220
1878 221
1879 224
1880 222
1881 220
1882 220
1883 220
1884 220
1885 220
1886 220
1887 221
1888 221
1889 220
1890 224
1891 224
1892 223
1893 221
1894 198
1895 198
1896 222
1897 185
1898 196
1899 173
1900 133
1901 220
1902 220
1903 221
1904 224
1905 222
1906 220
1907 220
1908 220
1909 220
1910 220
1911 222
1912 222
1913 221
1914 220
1915 224
1916 224
1917 224
1918 224
1919 205
1920 201
1921 224
1922 179
1923 223
1924 155
1925 140
1926 220
1927 220
1928 221
1929 223
1930 222
1931 220
1932 220
1933 220
1934 220
1935 220
1936 220
1937 220
1938 221
1939 220
1940 224
1941 224
1942 223
1943 223
1944 209
1945 203
1946 218
1947 179
1948 207
1949 127
1950 141
1951 220
1952 220
1953 220
1954 223
1955 221
1956 220
1957 224
1958 220
1959 220
1960 220
1961 224
1962 221
1963 222
1964 220
1965 224
1966 224
1967 224
1968 224
1969 209
1970 204
1971 224
1972 177
1973 213
1974 121
1975 140
1976 220
1977 220
1978 220
1979 222
1980 221
1981 221
1982 217
1983 222
1984 220
1985 220
1986 220
1987 219
1988 223
1989 221
1990 223
1991 223
1992 222
1993 224
1994 206
1995 204
1996 224
1997 190
1998 186
1999 118
2000 140
2001 220
2002 220
2003 220
2004 221
2005 221
2006 220
2007 190
2008 224
2009 220
2010 220
2011 220
2012 215
2013 224
2014 222
2015 221
2016 221
2017 223
2018 224
2019 211
2020 197
2021 224
2022 191
2023 186
2024 118
2025 128
2026 220
2027 220
2028 220
2029 221
2030 221
2031 219
2032 181
2033 218
2034 220
2035 220
2036 220
2037 220
2038 223
2039 222
2040 221
2041 221
2042 221
2043 223
2044 218
2045 212
2046 217
2047 188
2048 191
2049 115
2050 113
2051 220
2052 220
2053 220
2054 220
2055 220
2056 223
2057 163
2058 224
2059 220
2060 220
2061 220
2062 221
2063 222
2064 222
2065 220
2066 220
2067 208
2068 224
2069 224
2070 224
2071 195
2072 184
2073 199
2074 115
2075 116
2076 220
2077 220
2078 220
2079 220
2080 220
2081 220
2082 201
2083 220
2084 220
2085 220
2086 220
2087 221
2088 221
2089 222
2090 221
2091 221
2092 216
2093 223
2094 221
2095 218
2096 197
2097 205
2098 208
2099 109
2100 118
2101 220
2102 220
2103 220
2104 220
2105 220
2106 220
2107 224
2108 222
2109 220
2110 220
2111 220
2112 220
2113 220
2114 222
2115 222
2116 222
2117 221
2118 224
2119 224
2120 213
2121 194
2122 222
2123 224
2124 111
2125 116
2126 220
2127 220
2128 220
2129 220
2130 220
2131 220
2132 222
2133 222
2134 220
2135 220
2136 220
2137 220
2138 221
2139 222
2140 223
2141 223
2142 223
2143 222
2144 222
2145 211
2146 187
2147 195
2148 211
2149 96
2150 129
2151 220
2152 220
2153 220
2154 220
2155 220
2156 220
2157 220
2158 220
2159 220
2160 220
2161 220
2162 220
2163 221
2164 221
2165 223
2166 223
2167 221
2168 221
2169 220
2170 203
2171 172
2172 181
2173 203
2174 102
2175 137
2176 220
2177 220
2178 220
2179 220
2180 220
2181 220
2182 220
2183 220
2184 220
2185 220
2186 220
2187 220
2188 221
2189 221
2190 219
2191 219
2192 222
2193 222
2194 222
2195 208
2196 182
2197 194
2198 191
2199 111
2200 113
2201 220
2202 220
2203 220
2204 220
2205 220
2206 220
2207 220
2208 220
2209 220
2210 220
2211 220
2212 220
2213 220
2214 220
2215 192
2216 192
2217 224
2218 222
2219 223
2220 211
2221 165
2222 179
2223 165
2224 104
2225 108
2226 220
2227 220
2228 220
2229 220
2230 221
2231 220
2232 220
2233 220
2234 220
2235 220
2236 220
2237 220
2238 220
2239 220
2240 210
2241 210
2242 216
2243 222
2244 224
2245 216
2246 177
2247 208
2248 205
2249 93
2250 101
2251 220
2252 220
2253 220
2254 220
2255 221
2256 220
2257 220
2258 220
2259 220
2260 220
2261 220
2262 220
2263 220
2264 220
2265 212
2266 212
2267 217
2268 222
2269 223
2270 224
2271 156
2272 224
2273 224
2274 90
2275 128
2276 220
2277 220
2278 220
2279 221
2280 221
2281 220
2282 220
2283 220
2284 220
2285 220
2286 220
2287 220
2288 221
2289 222
2290 220
2291 220
2292 220
2293 222
2294 224
2295 221
2296 186
2297 217
2298 215
2299 99
2300 118
2301 220
2302 220
2303 220
2304 221
2305 220
2306 220
2307 220
2308 218
2309 220
2310 220
2311 220
2312 220
2313 221
2314 221
2315 222
2316 222
2317 220
2318 221
2319 224
2320 222
2321 183
2322 218
2323 198
2324 83
2325 125
2326 220
2327 220
2328 223
2329 223
2330 220
2331 220
2332 220
2333 217
2334 220
2335 220
2336 220
2337 220
2338 221
2339 220
2340 222
2341 222
2342 222
2343 221
2344 224
2345 210
2346 207
2347 222
2348 185
2349 73
2350 111
2351 220
2352 220
2353 224
2354 224
2355 220
2356 220
2357 220
2358 220
2359 220
2360 220
2361 220
2362 220
2363 220
2364 221
2365 222
2366 222
2367 222
2368 221
2369 223
2370 207
2371 224
2372 222
2373 172
2374 88
2375 125
2376 220
2377 220
2378 212
2379 213
2380 220
2381 220
2382 222
2383 222
2384 220
2385 220
2386 220
2387 220
2388 220
2389 221
2390 222
2391 222
2392 222
2393 221
2394 222
2395 218
2396 218
2397 221
2398 203
2399 96
2400 121
2401 220
2402 220
2403 209
2404 208
2405 220
2406 220
2407 222
2408 220
2409 220
2410 220
2411 220
2412 220
2413 220
2414 220
2415 220
2416 220
2417 223
2418 222
2419 219
2420 224
2421 224
2422 222
2423 218
2424 98
2425 124
2426 220
2427 220
2428 215
2429 205
2430 220
2431 218
2432 223
2433 222
2434 220
2435 220
2436 220
2437 220
2438 220
2439 220
2440 221
2441 221
2442 222
2443 223
2444 217
2445 210
2446 201
2447 221
2448 211
2449 90
2450 111
2451 220
2452 220
2453 223
2454 201
2455 220
2456 184
2457 224
2458 224
2459 220
2460 220
2461 220
2462 220
2463 220
2464 220
2465 221
2466 221
2467 221
2468 224
2469 214
2470 213
2471 172
2472 220
2473 224
2474 88
2475 115
2476 220
2477 220
2478 220
2479 220
2480 220
2481 202
2482 222
2483 215
2484 220
2485 221
2486 220
2487 220
2488 220
2489 221
2490 221
2491 221
2492 221
2493 224
2494 212
2495 212
2496 193
2497 220
2498 216
2499 86
2500 129
2501 220
2502 220
2503 220
2504 223
2505 220
2506 202
2507 224
2508 214
2509 220
2510 221
2511 220
2512 220
2513 220
2514 221
2515 222
2516 222
2517 221
2518 223
2519 212
2520 224
2521 194
2522 224
2523 201
2524 84
2525 137
2526 220
2527 220
2528 220
2529 220
2530 220
2531 218
2532 222
2533 199
2534 220
2535 221
2536 220
2537 220
2538 220
2539 221
2540 221
2541 221
2542 221
2543 224
2544 213
2545 210
2546 206
2547 222
2548 193
2549 74
2550 138
2551 220
2552 220
2553 220
2554 220
2555 220
2556 222
2557 224
2558 167
2559 220
2560 220
2561 220
2562 220
2563 220
2564 222
2565 220
2566 220
2567 220
2568 223
2569 213
2570 204
2571 224
2572 224
2573 177
2574 88
2575 140
2576 220
2577 220
2578 220
2579 220
2580 220
2581 220
2582 222
2583 203
2584 220
2585 220
2586 220
2587 220
2588 220
2589 222
2590 220
2591 220
2592 220
2593 223
2594 212
2595 212
2596 210
2597 222
2598 207
2599 75
2600 139
2601 220
2602 220
2603 220
2604 220
2605 220
2606 220
2607 220
2608 199
2609 220
2610 220
2611 220
2612 220
2613 220
2614 221
2615 220
2616 220
2617 220
2618 223
2619 206
2620 219
2621 186
2622 220
2623 224
2624 90
2625 140
2626 220
2627 220
2628 220
2629 220
2630 220
2631 220
2632 220
2633 205
2634 220
2635 220
2636 220
2637 220
2638 222
2639 221
2640 220
2641 220
2642 220
2643 223
2644 213
2645 205
2646 213
2647 220
2648 222
2649 81
2650 148
2651 220
2652 220
2653 220
2654 220
2655 220
2656 220
2657 220
2658 180
2659 220
2660 220
2661 220
2662 220
2663 223
2664 222
2665 220
2666 220
2667 220
2668 223
2669 215
2670 183
2671 224
2672 220
2673 224
2674 81
2675 148
2676 220
2677 220
2678 220
2679 220
2680 220
2681 220
2682 220
2683 199
2684 220
2685 220
2686 220
2687 222
2688 222
2689 221
2690 220
2691 220
2692 220
2693 222
2694 217
2695 203
2696 207
2697 220
2698 222
2699 89
2700 152
2701 220
2702 220
2703 220
2704 220
2705 220
2706 220
2707 220
2708 177
2709 220
2710 220
2711 220
2712 223
2713 220
2714 220
2715 220
2716 220
2717 220
2718 222
2719 224
2720 213
2721 164
2722 224
2723 224
2724 86
2725 144
2726 220
2727 220
2728 220
2729 220
2730 220
2731 220
2732 220
2733 199
2734 220
2735 220
2736 220
2737 222
2738 220
2739 220
2740 220
2741 220
2742 220
2743 222
2744 221
2745 211
2746 188
2747 221
2748 203
2749 82
2750 147
2751 220
2752 220
2753 220
2754 220
2755 220
2756 220
2757 220
2758 186
2759 220
2760 220
2761 220
2762 222
2763 220
2764 220
2765 220
2766 220
2767 220
2768 222
2769 220
2770 200
2771 184
2772 220
2773 199
2774 90
2775 148
2776 220
2777 220
2778 220
2779 220
2780 220
2781 220
2782 220
2783 203
2784 220
2785 220
2786 220
2787 222
2788 220
2789 220
2790 220
2791 220
2792 220
2793 223
2794 220
2795 205
2796 202
2797 220
2798 215
2799 80
2800 140
2801 220
2802 220
2803 220
2804 220
2805 220
2806 220
2807 220
2808 183
2809 222
2810 220
2811 220
2812 223
2813 220
2814 220
2815 220
2816 220
2817 220
2818 223
2819 220
2820 205
2821 211
2822 224
2823 224
2824 86
2825 152
2826 220
2827 220
2828 220
2829 221
2830 220
2831 220
2832 220
2833 197
2834 221
2835 220
2836 220
2837 223
2838 220
2839 220
2840 221
2841 221
2842 220
2843 222
2844 222
2845 203
2846 213
2847 221
2848 221
2849 83
2850 142
2851 220
2852 220
2853 220
2854 221
2855 220
2856 220
2857 220
2858 201
2859 224
2860 220
2861 220
2862 223
2863 220
2864 220
2865 221
2866 221
2867 220
2868 222
2869 224
2870 188
2871 207
2872 220
2873 224
2874 86
2875 151
2876 220
2877 220
2878 220
2879 221
2880 220
2881 220
2882 220
2883 212
2884 222
2885 221
2886 220
2887 221
2888 221
2889 222
2890 222
2891 222
2892 220
2893 222
2894 221
2895 199
2896 211
2897 221
2898 218
2899 88
2900 150
2901 220
2902 220
2903 220
2904 220
2905 220
2906 220
2907 220
2908 224
2909 221
2910 221
2911 220
2912 212
2913 222
2914 224
2915 223
2916 223
2917 220
2918 222
2919 224
2920 195
2921 202
2922 223
2923 224
2924 87
2925 141
2926 220
2927 220
2928 220
2929 220
2930 220
2931 220
2932 220
2933 222
2934 222
2935 221
2936 220
2937 218
2938 222
2939 223
2940 223
2941 223
2942 220
2943 223
2944 217
2945 206
2946 210
2947 218
2948 221
2949 78
2950 146
2951 220
2952 220
2953 220
2954 220
2955 220
2956 220
2957 220
2958 220
2959 222
2960 220
2961 220
2962 222
2963 222
2964 221
2965 221
2966 221
2967 220
2968 224
2969 201
2970 208
2971 207
2972 202
2973 224
2974 84
2975 147
2976 220
2977 220
2978 220
2979 220
2980 220
2981 220
2982 220
2983 220
2984 221
2985 220
2986 220
2987 224
2988 222
2989 223
2990 221
2991 221
2992 220
2993 223
2994 205
2995 217
2996 203
2997 210
2998 217
2999 80
3000 141
3001 220
3002 220
3003 220
3004 220
3005 220
3006 220
3007 220
3008 220
3009 220
3010 220
3011 220
3012 223
3013 222
3014 224
3015 212
3016 220
3017 220
3018 223
3019 194
3020 224
3021 216
3022 224
3023 212
3024 94
3025 142
3026 220
3027 220
3028 220
3029 220
3030 220
3031 220
3032 220
3033 220
3034 220
3035 220
3036 221
3037 223
3038 222
3039 224
3040 217
3041 217
3042 220
3043 223
3044 195
3045 223
3046 209
3047 210
3048 215
3049 97
3050 152
3051 220
3052 220
3053 220
3054 220
3055 220
3056 220
3057 220
3058 220
3059 220
3060 220
3061 221
3062 223
3063 222
3064 224
3065 224
3066 224
3067 220
3068 223
3069 150
3070 224
3071 215
3072 197
3073 224
3074 107
3075 140
3076 220
3077 220
3078 220
3079 220
3080 220
3081 220
3082 220
3083 220
3084 220
3085 220
3086 221
3087 222
3088 221
3089 223
3090 223
3091 223
3092 220
3093 223
3094 203
3095 220
3096 202
3097 216
3098 221
3099 109
3100 141
3101 220
3102 220
3103 220
3104 220
3105 220
3106 220
3107 220
3108 220
3109 220
3110 220
3111 220
3112 222
3113 221
3114 220
3115 221
3116 221
3117 220
3118 223
3119 222
3120 220
3121 182
3122 223
3123 224
3124 106
3125 136
3126 220
3127 220
3128 220
3129 220
3130 220
3131 220
3132 220
3133 220
3134 220
3135 220
3136 220
3137 222
3138 222
3139 220
3140 221
3141 221
3142 220
3143 224
3144 221
3145 223
3146 210
3147 222
3148 218
3149 105
3150 155
3151 220
3152 220
3153 220
3154 220
3155 220
3156 220
3157 220
3158 220
3159 220
3160 220
3161 220
3162 218
3163 223
3164 220
3165 220
3166 220
3167 220
3168 224
3169 224
3170 224
3171 224
3172 222
3173 224
3174 105
3175 186
3176 220
3177 220
3178 220
3179 220
3180 220
3181 220
3182 220
3183 220
3184 220
3185 220
3186 220
3187 222
3188 221
3189 220
3190 220
3191 220
3192 221
3193 224
3194 213
3195 220
3196 223
3197 222
3198 223
3199 99
3200 186
3201 220
3202 220
3203 220
3204 220
3205 220
3206 220
3207 220
3208 220
3209 220
3210 220
3211 220
3212 222
3213 213
3214 220
3215 220
3216 220
3217 221
3218 223
3219 203
3220 218
3221 221
3222 222
3223 224
3224 89
3225 158
3226 220
3227 220
3228 220
3229 220
3230 220
3231 220
3232 220
3233 220
3234 222
3235 221
3236 220
3237 222
3238 220
3239 220
3240 220
3241 220
3242 221
3243 222
3244 205
3245 213
3246 220
3247 222
3248 218
3249 89
3250 144
3251 220
3252 220
3253 220
3254 220
3255 220
3256 220
3257 220
3258 220
3259 220
3260 222
3261 220
3262 222
3263 222
3264 220
3265 220
3266 220
3267 220
3268 223
3269 205
3270 209
3271 222
3272 224
3273 224
3274 89
3275 144
3276 220
3277 220
3278 220
3279 220
3280 220
3281 220
3282 220
3283 220
3284 215
3285 222
3286 221
3287 224
3288 222
3289 220
3290 220
3291 220
3292 220
3293 224
3294 209
3295 206
3296 211
3297 221
3298 220
3299 89
3300 144
3301 220
3302 220
3303 220
3304 220
3305 220
3306 220
3307 220
3308 220
3309 218
3310 224
3311 221
3312 224
3313 220
3314 220
3315 220
3316 220
3317 220
3318 224
3319 215
3320 200
3321 207
3322 224
3323 224
3324 99
3325 160
3326 220
3327 220
3328 220
3329 220
3330 220
3331 220
3332 220
3333 220
3334 220
3335 221
3336 222
3337 224
3338 222
3339 220
3340 220
3341 220
3342 220
3343 223
3344 209
3345 207
3346 205
3347 220
3348 215
3349 112
3350 186
3351 220
3352 220
3353 220
3354 220
3355 220
3356 220
3357 220
3358 220
3359 219
3360 221
3361 222
3362 223
3363 222
3364 220
3365 220
3366 220
3367 220
3368 223
3369 198
3370 207
3371 204
3372 224
3373 224
3374 120
3375 207
3376 220
3377 220
3378 220
3379 220
3380 220
3381 220
3382 220
3383 220
3384 220
3385 221
3386 222
3387 222
3388 221
3389 222
3390 222
3391 222
3392 220
3393 221
3394 205
3395 208
3396 207
3397 222
3398 220
3399 111
3400 166
3401 220
3402 220
3403 220
3404 220
3405 220
3406 220
3407 220
3408 220
3409 220
3410 220
3411 222
3412 222
3413 220
3414 224
3415 223
3416 223
3417 220
3418 217
3419 206
3420 209
3421 213
3422 224
3423 224
3424 121
3425 139
3426 220
3427 220
3428 220
3429 220
3430 220
3431 220
3432 220
3433 220
3434 220
3435 221
3436 221
3437 222
3438 222
3439 223
3440 222
3441 222
3442 220
3443 219
3444 220
3445 207
3446 208
3447 220
3448 220
3449 121
3450 134
3451 220
3452 220
3453 220
3454 220
3455 220
3456 220
3457 220
3458 220
3459 220
3460 221
3461 220
3462 223
3463 224
3464 223
3465 223
3466 223
3467 220
3468 207
3469 224
3470 194
3471 206
3472 224
3473 224
3474 123
3475 140
3476 220
3477 220
3478 220
3479 220
3480 220
3481 220
3482 220
3483 220
3484 220
3485 222
3486 220
3487 222
3488 218
3489 222
3490 223
3491 223
3492 220
3493 216
3494 220
3495 195
3496 200
3497 223
3498 223
3499 118
3500 140
3501 220
3502 220
3503 220
3504 220
3505 220
3506 220
3507 220
3508 220
3509 220
3510 222
3511 220
3512 223
3513 222
3514 220
3515 220
3516 220
3517 220
3518 217
3519 217
3520 184
3521 190
3522 220
3523 224
3524 120
3525 142
3526 220
3527 220
3528 220
3529 220
3530 220
331 220
3532 220
3533 220
3534 220
3535 222
3536 220
3537 224
3538 223
3539 220
3540 220
3541 220
3542 220
3543 216
3544 216
3545 188
3546 198
3547 218
3548 210
3549 127
3550 147
3551 220
3552 220
3553 220
3554 220
3555 220
3556 220
3557 220
3558 220
3559 220
3560 221
3561 220
3562 223
3563 224
3564 220
3565 220
3566 220
3567 220
3568 220
3569 224
3570 162
3571 193
3572 224
3573 205
3574 130
3575 141
3576 220
3577 220
3578 220
3579 220
3580 220
3581 220
3582 220
3583 220
3584 220
3585 221
3586 220
3587 223
3588 213
3589 221
3590 220
3591 220
3592 220
3593 220
3594 223
3595 177
3596 192
3597 223
3598 212
3599 135
3600 137
3601 220
3602 220
3603 220
3604 220
3605 220
3606 220
3607 220
3608 220
3609 220
3610 220
3611 220
3612 223
3613 195
3614 217
3615 220
3616 220
3617 220
3618 220
3619 224
3620 164
3621 192
3622 224
3623 224
3624 129
3625 132
3626 220
3627 220
3628 220
3629 220
3630 220
3631 220
3632 220
3633 220
3634 220
3635 220
3636 220
3637 223
3638 216
3639 206
3640 220
3641 220
3642 220
3643 220
3644 221
3645 182
3646 95
3647 224
3648 220
3649 115
3650 131
3651 220
3652 220
3653 220
3654 220
3655 220
3656 220
3657 220
3658 220
3659 220
3660 220
3661 220
3662 223
3663 224
3664 171
3665 220
3666 220
3667 220
3668 220
3669 220
3670 179
3671 201
3672 224
3673 224
3674 125
3675 136
3676 220
3677 220
3678 220
3679 220
3680 220
3681 220
3682 220
3683 220
3684 220
3685 220
3686 220
3687 223
3688 224
3689 198
3690 220
3691 220
3692 220
3693 221
3694 220
3695 188
3696 193
3697 207
3698 221
3699 137
3700 130
3701 220
3702 220
3703 220
3704 220
3705 220
3706 220
3707 220
3708 220
3709 220
3710 220
3711 220
3712 223
3713 224
3714 178
3715 220
3716 220
3717 220
3718 221
3719 224
3720 192
3721 191
3722 166
3723 223
3724 138
3725 129
3726 220
3727 220
3728 220
3729 220
3730 220
3731 220
3732 220
3733 220
3734 220
3735 220
3736 220
3737 223
3738 224
3739 193
3740 222
3741 222
3742 220
3743 222
3744 217
3745 192
3746 202
3747 202
3748 220
3749 130
3750 148
