SI: 25 150
1 79
2 52
3 107
4 69
5 54
6 80
7 65
8 79
9 122
10 122
11 80
12 98
13 68
14 125
15 118
16 114
17 242
18 84
19 81
20 97
21 78
22 61
23 76
24 49
25 81
26 87
27 47
28 85
29 85
30 82
31 118
32 54
33 53
34 139
35 140
36 85
37 86
38 46
39 131
40 123
41 104
42 186
43 78
44 75
45 104
46 84
47 69
48 111
49 28
50 72
51 105
52 90
53 112
54 114
55 127
56 88
57 98
58 97
59 111
60 111
61 118
62 73
63 99
64 133
65 224
66 65
67 85
68 98
69 76
70 85
71 82
72 86
73 155
74 48
75 71
76 121
77 110
78 121
79 96
80 148
81 83
82 111
83 101
84 96
85 95
86 99
87 61
88 80
89 120
90 224
91 51
92 0
93 102
94 78
95 54
96 70
97 94
98 176
99 51
100 78
101 123
102 85
103 85
104 66
105 89
106 103
107 100
108 101
109 70
110 112
111 93
112 97
113 95
114 151
115 224
116 82
117 67
118 83
119 81
120 61
121 85
122 100
123 108
124 51
125 62
126 124
127 56
128 66
129 50
130 47
131 158
132 79
133 102
134 64
135 96
136 88
137 111
138 103
139 144
140 172
141 119
142 78
143 85
144 78
145 61
146 87
147 93
148 4
149 52
150 58
151 114
152 55
153 75
154 49
155 87
156 173
157 80
158 141
159 87
160 74
161 129
162 120
163 124
164 79
165 83
166 83
167 101
168 76
169 96
170 84
171 82
172 67
173 63
174 50
175 58
176 55
177 69
178 36
179 122
180 99
181 96
182 113
183 92
184 78
185 155
186 107
187 131
188 85
189 103
190 158
191 114
192 77
193 130
194 121
195 91
196 53
197 49
198 52
199 58
200 57
201 57
202 49
203 67
204 38
205 119
206 70
207 108
208 63
209 76
210 88
211 103
212 123
213 130
214 164
215 164
216 90
217 100
218 90
219 140
220 135
221 85
222 54
223 52
224 54
225 59
226 22
227 45
228 67
229 33
230 78
231 90
232 121
233 92
234 95
235 98
236 104
237 151
238 128
239 205
240 140
241 49
242 83
243 96
244 136
245 107
246 78
247 37
248 44
249 53
250 70
251 56
252 73
253 106
254 97
255 59
256 93
257 122
258 122
259 106
260 94
261 104
262 113
263 87
264 123
265 169
266 88
267 93
268 93
269 91
270 109
271 68
272 49
273 33
274 44
275 59
276 47
277 99
278 91
279 107
280 62
281 105
282 144
283 120
284 116
285 89
286 121
287 67
288 87
289 75
290 118
291 88
292 121
293 107
294 88
295 126
296 51
297 39
298 49
299 44
300 59
301 60
302 100
303 60
304 121
305 77
306 110
307 129
308 96
309 121
310 121
311 140
312 57
313 110
314 156
315 76
316 79
317 142
318 91
319 85
320 135
321 135
322 51
323 71
324 54
325 60
326 75
327 88
328 61
329 123
330 71
331 138
332 88
333 67
334 34
335 149
336 160
337 58
338 104
339 137
340 71
341 55
342 158
343 96
344 78
345 130
346 51
347 50
348 52
349 44
350 61
351 95
352 106
353 85
354 105
355 103
356 213
357 111
358 76
359 41
360 150
361 126
362 83
363 61
364 61
365 82
366 58
367 97
368 122
369 95
370 105
371 47
372 48
373 48
374 60
375 61
376 96
377 154
378 87
379 141
380 112
381 186
382 139
383 90
384 55
385 148
386 94
387 126
388 36
389 15
390 90
391 81
392 104
393 136
394 101
395 97
396 57
397 37
398 51
399 66
400 63
401 78
402 216
403 85
404 104
405 88
406 139
407 139
408 127
409 103
410 111
411 91
412 141
413 51
414 57
415 108
416 106
417 166
418 137
419 127
420 61
421 54
422 48
423 51
424 75
425 70
426 61
427 213
428 71
429 78
430 97
431 142
432 166
433 149
434 117
435 55
436 96
437 145
438 60
439 82
440 86
441 97
442 208
443 169
444 189
445 41
446 49
447 57
448 43
449 74
450 76
451 130
452 122
453 102
454 120
455 148
456 148
457 186
458 134
459 78
460 123
461 88
462 80
463 106
464 85
465 81
466 183
467 148
468 210
469 55
470 50
471 49
472 48
473 82
474 71
475 56
476 137
477 78
478 144
479 109
480 130
481 188
482 91
483 188
484 125
485 96
486 147
487 79
488 63
489 116
490 99
491 83
492 63
493 137
494 142
495 55
496 45
497 44
498 47
499 75
500 68
501 153
502 111
503 103
504 87
505 142
506 167
507 108
508 177
509 90
510 150
511 122
512 140
513 74
514 84
515 89
516 77
517 77
518 135
519 91
520 78
521 58
522 58
523 72
524 74
525 71
526 194
527 169
528 74
529 66
530 172
531 175
532 116
533 128
534 89
535 224
536 54
537 175
538 72
539 72
540 119
541 60
542 67
543 91
544 98
545 90
546 51
547 52
548 78
549 74
550 69
551 207
552 224
553 118
554 114
555 169
556 166
557 110
558 111
559 117
560 245
561 102
562 152
563 81
564 64
565 148
566 61
567 112
568 74
569 78
570 100
571 58
572 63
573 88
574 77
575 71
576 167
577 223
578 140
579 184
580 194
581 107
582 111
583 144
584 203
585 197
586 139
587 169
588 99
589 50
590 130
591 48
592 119
593 76
594 67
595 107
596 66
597 79
598 99
599 76
600 77
601 76
602 224
603 224
604 207
605 202
606 156
607 125
608 152
609 224
610 91
611 165
612 74
613 89
614 87
615 94
616 76
617 103
618 98
619 85
620 94
621 72
622 75
623 75
624 78
625 71
626 47
627 154
628 155
629 195
630 203
631 218
632 179
633 192
634 184
635 151
636 199
637 0
638 74
639 75
640 93
641 72
642 80
643 103
644 80
645 103
646 77
647 80
648 89
649 94
650 72
651 58
652 38
653 83
654 124
655 220
656 224
657 190
658 195
659 69
660 224
661 141
662 83
663 110
664 60
665 111
666 111
667 71
668 105
669 79
670 100
671 77
672 88
673 89
674 107
675 76
676 0
677 40
678 82
679 220
680 221
681 196
682 201
683 69
684 207
685 54
686 81
687 84
688 80
689 120
690 92
691 62
692 124
693 79
694 119
695 56
696 97
697 90
698 100
699 70
700 53
701 48
702 54
703 57
704 66
705 131
706 108
707 152
708 201
709 144
710 160
711 94
712 111
713 101
714 126
715 254
716 72
717 134
718 137
719 113
720 112
721 82
722 114
723 74
724 82
725 69
726 45
727 49
728 48
729 33
730 86
731 0
732 110
733 194
734 163
735 205
736 136
737 116
738 151
739 94
740 123
741 72
742 203
743 43
744 119
745 121
746 100
747 119
748 64
749 82
750 73
751 42
752 44
753 47
754 47
755 85
756 58
757 88
758 120
759 87
760 224
761 180
762 140
763 224
764 98
765 74
766 151
767 224
768 60
769 101
770 78
771 115
772 119
773 91
774 87
775 80
776 40
777 41
778 45
779 49
780 72
781 62
782 55
783 37
784 29
785 224
786 190
787 167
788 212
789 140
790 79
791 156
792 213
793 34
794 57
795 75
796 88
797 121
798 100
799 95
800 87
801 37
802 37
803 41
804 45
805 57
806 54
807 49
808 59
809 76
810 110
811 153
812 144
813 218
814 187
815 132
816 103
817 224
818 47
819 60
820 78
821 78
822 107
823 103
824 113
825 92
826 31
827 33
828 37
829 41
830 48
831 49
832 44
833 42
834 63
835 33
836 106
837 131
838 185
839 201
840 185
841 162
842 213
843 4
844 48
845 78
846 102
847 110
848 87
849 118
850 93
851 28
852 30
853 33
854 37
855 43
856 47
857 50
858 48
859 52
860 60
861 54
862 103
863 84
864 84
865 201
866 224
867 224
868 85
869 97
870 88
871 139
872 105
873 94
874 99
875 83
876 28
877 29
878 31
879 33
880 38
881 43
882 48
883 45
884 47
885 49
886 36
887 61
888 0
889 120
890 197
891 208
892 205
893 105
894 134
895 92
896 215
897 84
898 121
899 86
900 94
901 28
902 29
903 29
904 31
905 32
906 37
907 37
908 42
909 44
910 45
911 50
912 61
913 67
914 68
915 136
916 122
917 190
918 119
919 174
920 111
921 224
922 100
923 137
924 99
925 89
926 27
927 28
928 28
929 28
930 29
931 32
932 35
933 37
934 39
935 42
936 45
937 40
938 56
939 40
940 63
941 91
942 147
943 148
944 203
945 156
946 203
947 106
948 84
949 75
950 103
951 28
952 26
953 27
954 28
955 29
956 29
957 33
958 34
959 38
960 40
961 42
962 49
963 57
964 58
965 66
966 105
967 120
968 212
969 165
970 213
971 141
972 84
973 93
974 105
975 59
976 26
977 28
978 26
979 27
980 28
981 27
982 28
983 30
984 29
985 33
986 36
987 38
988 45
989 50
990 46
991 64
992 85
993 69
994 202
995 132
996 191
997 180
998 111
999 91
1000 100
1001 26
1002 26
1003 26
1004 26
1005 27
1006 28
1007 28
1008 29
1009 28
1010 29
1011 32
1012 34
1013 40
1014 45
1015 50
1016 69
1017 69
1018 65
1019 157
1020 96
1021 122
1022 186
1023 160
1024 119
1025 93
1026 25
1027 24
1028 25
1029 26
1030 27
1031 28
1032 28
1033 28
1034 26
1035 26
1036 29
1037 29
1038 35
1039 39
1040 45
1041 54
1042 36
1043 59
1044 94
1045 74
1046 98
1047 177
1048 172
1049 144
1050 123
1051 26
1052 26
1053 25
1054 26
1055 27
1056 27
1057 25
1058 27
1059 26
1060 26
1061 27
1062 29
1063 29
1064 34
1065 39
1066 45
1067 46
1068 52
1069 52
1070 78
1071 80
1072 125
1073 149
1074 160
1075 166
1076 27
1077 26
1078 26
1079 26
1080 27
1081 26
1082 25
1083 26
1084 26
1085 26
1086 25
1087 28
1088 26
1089 28
1090 33
1091 36
1092 43
1093 45
1094 37
1095 63
1096 50
1097 42
1098 114
1099 188
1100 176
1101 26
1102 26
1103 26
1104 26
1105 27
1106 26
1107 24
1108 26
1109 26
1110 26
1111 26
1112 26
1113 28
1114 27
1115 29
1116 31
1117 37
1118 43
1119 46
1120 48
1121 59
1122 56
1123 56
1124 111
1125 87
1126 26
1127 25
1128 26
1129 26
1130 26
1131 26
1132 24
1133 26
1134 25
1135 24
1136 26
1137 26
1138 26
1139 26
1140 28
1141 28
1142 31
1143 37
1144 40
1145 44
1146 51
1147 22
1148 54
1149 36
1150 0
1151 27
1152 26
1153 26
1154 26
1155 25
1156 25
1157 26
1158 26
1159 26
1160 23
1161 26
1162 25
1163 25
1164 26
1165 26
1166 26
1167 28
1168 31
1169 35
1170 37
1171 44
1172 52
1173 68
1174 70
1175 62
1176 27
1177 26
1178 28
1179 26
1180 27
1181 27
1182 25
1183 27
1184 24
1185 26
1186 25
1187 25
1188 26
1189 26
1190 26
1191 27
1192 26
1193 29
1194 31
1195 38
1196 45
1197 53
1198 60
1199 61
1200 67
1201 29
1202 29
1203 28
1204 31
1205 26
1206 28
1207 28
1208 25
1209 27
1210 26
1211 26
1212 25
1213 26
1214 26
1215 26
1216 26
1217 26
1218 26
1219 26
1220 27
1221 32
1222 38
1223 45
1224 51
1225 67
1226 33
1227 31
1228 31
1229 31
1230 28
1231 27
1232 28
1233 26
1234 26
1235 25
1236 26
1237 25
1238 25
1239 26
1240 24
1241 24
1242 25
1243 26
1244 26
1245 26
1246 27
1247 31
1248 37
1249 43
1250 55
1251 38
1252 34
1253 34
1254 33
1255 29
1256 28
1257 27
1258 26
1259 26
1260 26
1261 26
1262 25
1263 26
1264 25
1265 26
1266 24
1267 24
1268 24
1269 25
1270 26
1271 26
1272 26
1273 29
1274 36
1275 43
1276 43
1277 40
1278 40
1279 38
1280 33
1281 29
1282 28
1283 28
1284 28
1285 29
1286 26
1287 27
1288 26
1289 26
1290 28
1291 24
1292 25
1293 24
1294 24
1295 26
1296 25
1297 25
1298 26
1299 30
1300 32
1301 47
1302 48
1303 49
1304 48
1305 37
1306 33
1307 31
1308 29
1309 29
1310 31
1311 31
1312 28
1313 26
1314 26
1315 28
1316 26
1317 26
1318 23
1319 24
1320 25
1321 25
1322 25
1323 26
1324 26
1325 31
1326 50
1327 54
1328 64
1329 55
1330 43
1331 39
1332 32
1333 31
1334 30
1335 32
1336 27
1337 27
1338 27
1339 26
1340 26
1341 26
1342 26
1343 24
1344 24
1345 24
1346 25
1347 24
1348 24
1349 24
1350 28
1351 54
1352 63
1353 75
1354 59
1355 52
1356 52
1357 36
1358 35
1359 34
1360 39
1361 28
1362 26
1363 27
1364 24
1365 25
1366 27
1367 26
1368 24
1369 24
1370 24
1371 25
1372 24
1373 23
1374 24
1375 25
1376 56
1377 77
1378 107
1379 64
1380 58
1381 55
1382 41
1383 41
1384 43
1385 48
1386 29
1387 26
1388 28
1389 24
1390 24
1391 26
1392 27
1393 24
1394 24
1395 25
1396 24
1397 24
1398 23
1399 24
1400 26
1401 56
1402 64
1403 135
1404 69
1405 64
1406 63
1407 46
1408 46
1409 50
1410 48
1411 31
1412 27
1413 28
1414 25
1415 23
1416 25
1417 25
1418 23
1419 23
1420 24
1421 24
1422 23
1423 23
1424 23
1425 25
1426 58
1427 29
1428 141
1429 70
1430 69
1431 61
1432 54
1433 46
1434 70
1435 46
1436 36
1437 29
1438 27
1439 26
1440 25
1441 25
1442 24
1443 24
1444 25
1445 24
1446 24
1447 24
1448 23
1449 23
1450 23
1451 61
1452 51
1453 96
1454 68
1455 69
1456 56
1457 55
1458 45
1459 52
1460 47
1461 43
1462 43
1463 30
1464 28
1465 28
1466 26
1467 26
1468 26
1469 26
1470 24
1471 25
1472 26
1473 24
1474 24
1475 23
1476 63
1477 50
1478 74
1479 53
1480 70
1481 58
1482 49
1483 46
1484 48
1485 48
1486 46
1487 38
1488 33
1489 30
1490 29
1491 28
1492 28
1493 26
1494 28
1495 26
1496 24
1497 26
1498 24
1499 24
1500 24
1501 67
1502 66
1503 75
1504 64
1505 64
1506 58
1507 46
1508 46
1509 46
1510 45
1511 49
1512 44
1513 37
1514 34
1515 32
1516 30
1517 29
1518 29
1519 28
1520 27
1521 24
1522 24
1523 24
1524 24
1525 24
1526 73
1527 59
1528 72
1529 58
1530 66
1531 56
1532 44
1533 45
1534 45
1535 42
1536 52
1537 49
1538 41
1539 40
1540 38
1541 34
1542 34
1543 35
1544 28
1545 26
1546 25
1547 24
1548 24
1549 25
1550 24
1551 79
1552 76
1553 71
1554 63
1555 64
1556 54
1557 44
1558 45
1559 44
1560 42
1561 52
1562 49
1563 43
1564 43
1565 43
1566 38
1567 41
1568 41
1569 28
1570 26
1571 26
1572 25
1573 24
1574 24
1575 24
1576 85
1577 87
1578 62
1579 66
1580 63
1581 54
1582 46
1583 47
1584 45
1585 45
1586 50
1587 48
1588 45
1589 44
1590 46
1591 41
1592 45
1593 61
1594 30
1595 29
1596 27
1597 25
1598 26
1599 24
1600 24
1601 92
1602 108
1603 79
1604 72
1605 63
1606 59
1607 52
1608 49
1609 48
1610 48
1611 48
1612 49
1613 46
1614 44
1615 47
1616 41
1617 10
1618 91
1619 34
1620 32
1621 28
1622 26
1623 28
1624 24
1625 23
1626 84
1627 129
1628 92
1629 78
1630 71
1631 63
1632 60
1633 42
1634 51
1635 51
1636 52
1637 51
1638 47
1639 45
1640 48
1641 44
1642 0
1643 103
1644 42
1645 40
1646 32
1647 29
1648 28
1649 25
1650 24
1651 83
1652 81
1653 100
1654 89
1655 76
1656 76
1657 69
1658 58
1659 57
1660 57
1661 55
1662 52
1663 48
1664 46
1665 48
1666 48
1667 51
1668 83
1669 49
1670 50
1671 39
1672 34
1673 29
1674 25
1675 26
1676 79
1677 53
1678 95
1679 111
1680 74
1681 80
1682 76
1683 70
1684 63
1685 65
1686 58
1687 54
1688 51
1689 49
1690 49
1691 49
1692 49
1693 38
1694 52
1695 69
1696 46
1697 42
1698 33
1699 27
1700 26
1701 68
1702 80
1703 89
1704 123
1705 76
1706 86
1707 87
1708 87
1709 86
1710 62
1711 63
1712 58
1713 54
1714 52
1715 50
1716 49
1717 51
1718 50
1719 50
1720 60
1721 50
1722 50
1723 41
1724 31
1725 27
1726 76
1727 92
1728 89
1729 130
1730 82
1731 88
1732 80
1733 103
1734 115
1735 91
1736 68
1737 63
1738 49
1739 56
1740 55
1741 43
1742 51
1743 52
1744 64
1745 58
1746 55
1747 55
1748 49
1749 37
1750 30
1751 97
1752 97
1753 84
1754 124
1755 89
1756 95
1757 85
1758 92
1759 114
1760 134
1761 73
1762 70
1763 68
1764 63
1765 61
1766 46
1767 53
1768 53
1769 54
1770 57
1771 59
1772 63
1773 55
1774 44
1775 36
1776 100
1777 80
1778 139
1779 96
1780 107
1781 94
1782 94
1783 120
1784 88
1785 74
1786 78
1787 76
1788 63
1789 68
1790 50
1791 56
1792 59
1793 48
1794 57
1795 59
1796 71
1797 74
1798 50
1799 44
1800 35
1801 82
1802 85
1803 75
1804 108
1805 106
1806 126
1807 88
1808 93
1809 107
1810 47
1811 73
1812 87
1813 93
1814 78
1815 81
1816 69
1817 62
1818 58
1819 51
1820 57
1821 61
1822 56
1823 81
1824 53
1825 51
1826 95
1827 80
1828 58
1829 103
1830 131
1831 138
1832 77
1833 76
1834 84
1835 58
1836 54
1837 110
1838 115
1839 92
1840 100
1841 83
1842 63
1843 56
1844 56
1845 57
1846 40
1847 39
1848 79
1849 57
1850 58
1851 92
1852 81
1853 72
1854 124
1855 132
1856 121
1857 85
1858 93
1859 94
1860 93
1861 57
1862 91
1863 135
1864 135
1865 111
1866 113
1867 74
1868 77
1869 65
1870 59
1871 54
1872 46
1873 55
1874 51
1875 52
1876 94
1877 85
1878 59
1879 128
1880 107
1881 121
1882 100
1883 114
1884 94
1885 116
1886 68
1887 64
1888 147
1889 116
1890 100
1891 149
1892 75
1893 87
1894 71
1895 53
1896 60
1897 49
1898 56
1899 41
1900 47
1901 98
1902 84
1903 67
1904 108
1905 93
1906 140
1907 140
1908 93
1909 128
1910 133
1911 128
1912 101
1913 130
1914 102
1915 106
1916 116
1917 64
1918 90
1919 101
1920 66
1921 72
1922 61
1923 61
1924 54
1925 55
1926 100
1927 78
1928 66
1929 98
1930 107
1931 151
1932 128
1933 77
1934 145
1935 145
1936 148
1937 141
1938 97
1939 96
1940 98
1941 98
1942 66
1943 96
1944 127
1945 78
1946 84
1947 80
1948 64
1949 64
1950 46
1951 61
1952 83
1953 105
1954 159
1955 114
1956 114
1957 73
1958 117
1959 112
1960 125
1961 115
1962 68
1963 118
1964 97
1965 91
1966 76
1967 104
1968 113
1969 80
1970 96
1971 117
1972 77
1973 76
1974 5
1975 6
1976 87
1977 58
1978 85
1979 100
1980 164
1981 100
1982 155
1983 85
1984 75
1985 127
1986 119
1987 77
1988 97
1989 105
1990 77
1991 104
1992 51
1993 123
1994 89
1995 69
1996 98
1997 135
1998 102
1999 88
2000 55
2001 105
2002 78
2003 91
2004 121
2005 118
2006 87
2007 119
2008 117
2009 56
2010 145
2011 98
2012 71
2013 132
2014 100
2015 75
2016 186
2017 186
2018 160
2019 79
2020 68
2021 13
2022 13
2023 127
2024 71
2025 86
2026 85
2027 87
2028 89
2029 148
2030 130
2031 61
2032 96
2033 148
2034 43
2035 137
2036 89
2037 61
2038 103
2039 107
2040 100
2041 199
2042 71
2043 166
2044 73
2045 48
2046 0
2047 0
2048 108
2049 57
2050 76
2051 58
2052 102
2053 86
2054 143
2055 127
2056 109
2057 107
2058 138
2059 53
2060 53
2061 78
2062 75
2063 73
2064 79
2065 167
2066 98
2067 75
2068 111
2069 69
2070 60
2071 68
2072 64
2073 42
2074 53
2075 54
2076 53
2077 124
2078 90
2079 131
2080 116
2081 127
2082 103
2083 177
2084 57
2085 45
2086 89
2087 95
2088 71
2089 60
2090 103
2091 8
2092 73
2093 63
2094 64
2095 61
2096 66
2097 61
2098 35
2099 55
2100 48
2101 80
2102 100
2103 100
2104 125
2105 123
2106 90
2107 80
2108 177
2109 108
2110 73
2111 103
2112 112
2113 64
2114 94
2115 78
2116 82
2117 89
2118 94
2119 65
2120 64
2121 70
2122 61
2123 61
2124 57
2125 54
2126 82
2127 59
2128 63
2129 161
2130 119
2131 75
2132 56
2133 138
2134 109
2135 93
2136 128
2137 110
2138 67
2139 112
2140 131
2141 89
2142 104
2143 128
2144 58
2145 69
2146 82
2147 62
2148 60
2149 57
2150 56
2151 108
2152 93
2153 84
2154 178
2155 87
2156 91
2157 74
2158 78
2159 76
2160 111
2161 115
2162 94
2163 73
2164 105
2165 151
2166 151
2167 89
2168 105
2169 79
2170 74
2171 76
2172 64
2173 61
2174 59
2175 59
2176 85
2177 68
2178 158
2179 103
2180 81
2181 121
2182 96
2183 46
2184 155
2185 112
2186 110
2187 83
2188 102
2189 131
2190 113
2191 61
2192 85
2193 105
2194 82
2195 92
2196 60
2197 55
2198 62
2199 58
2200 81
2201 123
2202 96
2203 79
2204 111
2205 100
2206 87
2207 158
2208 101
2209 105
2210 171
2211 86
2212 89
2213 108
2214 117
2215 125
2216 126
2217 87
2218 75
2219 118
2220 101
2221 80
2222 66
2223 75
2224 66
2225 73
2226 89
2227 67
2228 94
2229 119
2230 80
2231 120
2232 174
2233 103
2234 154
2235 173
2236 66
2237 54
2238 108
2239 138
2240 86
2241 151
2242 83
2243 86
2244 125
2245 163
2246 69
2247 48
2248 94
2249 69
2250 75
2251 72
2252 64
2253 110
2254 146
2255 93
2256 126
2257 159
2258 159
2259 218
2260 166
2261 83
2262 72
2263 105
2264 160
2265 73
2266 161
2267 120
2268 166
2269 107
2270 224
2271 125
2272 47
2273 127
2274 48
2275 85
2276 66
2277 61
2278 107
2279 166
2280 168
2281 125
2282 153
2283 117
2284 176
2285 132
2286 122
2287 81
2288 78
2289 155
2290 50
2291 194
2292 106
2293 217
2294 85
2295 224
2296 198
2297 0
2298 102
2299 48
2300 87
2301 99
2302 84
2303 96
2304 118
2305 224
2306 130
2307 90
2308 131
2309 111
2310 103
2311 192
2312 119
2313 72
2314 129
2315 55
2316 140
2317 114
2318 217
2319 80
2320 166
2321 166
2322 69
2323 84
2324 84
2325 124
2326 83
2327 102
2328 91
2329 91
2330 213
2331 169
2332 96
2333 136
2334 138
2335 73
2336 197
2337 154
2338 77
2339 161
2340 42
2341 123
2342 104
2343 121
2344 73
2345 89
2346 144
2347 72
2348 65
2349 103
2350 144
2351 101
2352 94
2353 90
2354 100
2355 92
2356 143
2357 120
2358 126
2359 158
2360 111
2361 178
2362 147
2363 126
2364 254
2365 77
2366 149
2367 73
2368 73
2369 107
2370 116
2371 97
2372 85
2373 84
2374 142
2375 119
2376 118
2377 99
2378 84
2379 105
2380 85
2381 93
2382 124
2383 113
2384 145
2385 138
2386 161
2387 123
2388 137
2389 137
2390 105
2391 183
2392 83
2393 69
2394 127
2395 175
2396 86
2397 102
2398 86
2399 127
2400 83
2401 137
2402 114
2403 100
2404 119
2405 142
2406 92
2407 220
2408 113
2409 117
2410 128
2411 125
2412 102
2413 126
2414 147
2415 125
2416 170
2417 138
2418 73
2419 99
2420 186
2421 69
2422 74
2423 76
2424 69
2425 92
2426 117
2427 113
2428 98
2429 130
2430 150
2431 39
2432 137
2433 114
2434 121
2435 128
2436 130
2437 103
2438 121
2439 153
2440 152
2441 123
2442 162
2443 81
2444 98
2445 133
2446 44
2447 46
2448 100
2449 61
2450 76
2451 89
2452 101
2453 127
2454 134
2455 71
2456 71
2457 87
2458 110
2459 113
2460 132
2461 137
2462 139
2463 120
2464 196
2465 125
2466 158
2467 127
2468 117
2469 113
2470 57
2471 111
2472 148
2473 88
2474 94
2475 104
2476 25
2477 76
2478 87
2479 133
2480 94
2481 89
2482 82
2483 80
2484 86
2485 111
2486 137
2487 164
2488 182
2489 93
2490 139
2491 166
2492 115
2493 168
2494 101
2495 139
2496 72
2497 164
2498 110
2499 114
2500 140
2501 60
2502 91
2503 95
2504 126
2505 137
2506 108
2507 71
2508 125
2509 105
2510 132
2511 137
2512 146
2513 144
2514 114
2515 96
2516 188
2517 188
2518 169
2519 80
2520 111
2521 140
2522 111
2523 63
2524 157
2525 152
2526 49
2527 76
2528 94
2529 114
2530 184
2531 118
2532 32
2533 123
2534 123
2535 147
2536 118
2537 151
2538 133
2539 90
2540 100
2541 170
2542 86
2543 130
2544 80
2545 61
2546 198
2547 52
2548 55
2549 151
2550 116
2551 80
2552 82
2553 99
2554 91
2555 195
2556 114
2557 71
2558 107
2559 180
2560 180
2561 108
2562 168
2563 132
2564 85
2565 119
2566 96
2567 106
2568 79
2569 115
2570 61
2571 189
2572 70
2573 79
2574 143
2575 77
2576 106
2577 65
2578 93
2579 78
2580 167
2581 108
2582 90
2583 122
2584 219
2585 190
2586 105
2587 172
2588 145
2589 78
2590 169
2591 63
2592 97
2593 64
2594 149
2595 49
2596 153
2597 87
2598 73
2599 196
2600 78
2601 137
2602 71
2603 103
2604 107
2605 128
2606 111
2607 114
2608 151
2609 224
2610 156
2611 121
2612 137
2613 194
2614 108
2615 179
2616 82
2617 105
2618 77
2619 148
2620 85
2621 86
2622 124
2623 124
2624 167
2625 105
2626 164
2627 70
2628 103
2629 100
2630 113
2631 120
2632 135
2633 120
2634 191
2635 165
2636 125
2637 140
2638 201
2639 121
2640 103
2641 71
2642 104
2643 45
2644 139
2645 87
2646 88
2647 111
2648 98
2649 108
2650 105
2651 137
2652 99
2653 134
2654 118
2655 116
2656 126
2657 140
2658 104
2659 172
2660 163
2661 137
2662 195
2663 121
2664 145
2665 44
2666 44
2667 94
2668 60
2669 98
2670 83
2671 124
2672 88
2673 76
2674 51
2675 99
2676 96
2677 136
2678 143
2679 125
2680 121
2681 141
2682 85
2683 191
2684 168
2685 133
2686 198
2687 102
2688 145
2689 58
2690 69
2691 104
2692 55
2693 94
2694 76
2695 153
2696 102
2697 51
2698 53
2699 95
2700 132
2701 103
2702 122
2703 91
2704 124
2705 120
2706 105
2707 111
2708 111
2709 188
2710 118
2711 120
2712 122
2713 155
2714 95
2715 95
2716 84
2717 148
2718 125
2719 103
2720 85
2721 122
2722 92
2723 63
2724 80
2725 51
2726 93
2727 141
2728 55
2729 128
2730 98
2731 89
2732 110
2733 120
2734 182
2735 49
2736 144
2737 69
2738 148
2739 95
2740 82
2741 78
2742 174
2743 179
2744 60
2745 77
2746 179
2747 86
2748 63
2749 81
2750 43
2751 115
2752 132
2753 108
2754 102
2755 65
2756 107
2757 123
2758 123
2759 153
2760 78
2761 141
2762 110
2763 73
2764 98
2765 81
2766 90
2767 137
2768 131
2769 87
2770 95
2771 224
2772 84
2773 87
2774 91
2775 73
2776 119
2777 121
2778 151
2779 99
2780 69
2781 117
2782 128
2783 140
2784 131
2785 83
2786 100
2787 102
2788 69
2789 88
2790 79
2791 142
2792 92
2793 38
2794 136
2795 78
2796 224
2797 71
2798 95
2799 88
2800 72
2801 131
2802 91
2803 151
2804 103
2805 96
2806 108
2807 136
2808 167
2809 112
2810 133
2811 76
2812 71
2813 155
2814 73
2815 73
2816 104
2817 113
2818 58
2819 182
2820 85
2821 85
2822 85
2823 108
2824 79
2825 87
2826 136
2827 103
2828 95
2829 102
2830 105
2831 70
2832 163
2833 175
2834 73
2835 156
2836 61
2837 54
2838 169
2839 51
2840 72
2841 87
2842 88
2843 73
2844 165
2845 66
2846 98
2847 96
2848 86
2849 55
2850 118
2851 143
2852 122
2853 64
2854 83
2855 104
2856 85
2857 176
2858 127
2859 85
2860 150
2861 72
2862 137
2863 148
2864 148
2865 100
2866 121
2867 87
2868 137
2869 88
2870 72
2871 57
2872 89
2873 80
2874 65
2875 114
2876 135
2877 136
2878 47
2879 87
2880 81
2881 84
2882 164
2883 111
2884 55
2885 145
2886 55
2887 180
2888 94
2889 111
2890 111
2891 121
2892 64
2893 167
2894 64
2895 83
2896 81
2897 84
2898 105
2899 67
2900 96
2901 126
2902 136
2903 71
2904 88
2905 79
2906 89
2907 89
2908 123
2909 81
2910 134
2911 83
2912 119
2913 71
2914 121
2915 163
2916 110
2917 111
2918 120
2919 81
2920 114
2921 144
2922 84
2923 146
2924 103
2925 89
2926 111
2927 130
2928 73
2929 77
2930 94
2931 103
2932 66
2933 108
2934 163
2935 140
2936 80
2937 1
2938 76
2939 113
2940 223
2941 102
2942 178
2943 106
2944 73
2945 132
2946 155
2947 73
2948 147
2949 150
2950 116
2951 140
2952 109
2953 81
2954 103
2955 109
2956 109
2957 63
2958 224
2959 111
2960 95
2961 64
2962 91
2963 75
2964 224
2965 134
2966 183
2967 112
2968 80
2969 100
2970 147
2971 125
2972 90
2973 154
2974 140
2975 117
2976 111
2977 122
2978 132
2979 85
2980 112
2981 95
2982 153
2983 49
2984 179
2985 76
2986 96
2987 62
2988 103
2989 45
2990 176
2991 126
2992 147
2993 92
2994 81
2995 73
2996 121
2997 164
2998 81
2999 166
3000 149
3001 111
3002 119
3003 98
3004 91
3005 117
3006 109
3007 177
3008 74
3009 74
3010 76
3011 97
3012 76
3013 101
3014 69
3015 110
3016 132
3017 164
3018 64
3019 80
3020 68
3021 93
3022 151
3023 133
3024 205
3025 133
3026 107
3027 98
3028 103
3029 74
3030 122
3031 109
3032 176
3033 64
3034 55
3035 82
3036 105
3037 82
3038 82
3039 69
3040 208
3041 179
3042 86
3043 63
3044 78
3045 63
3046 115
3047 152
3048 133
3049 155
3050 85
3051 100
3052 87
3053 150
3054 85
3055 111
3056 95
3057 97
3058 78
3059 80
3060 80
3061 86
3062 98
3063 56
3064 91
3065 224
3066 154
3067 130
3068 80
3069 74
3070 91
3071 110
3072 95
3073 99
3074 61
3075 94
3076 87
3077 81
3078 194
3079 161
3080 80
3081 95
3082 42
3083 100
3084 74
3085 156
3086 86
3087 124
3088 0
3089 67
3090 196
3091 124
3092 161
3093 86
3094 58
3095 118
3096 117
3097 72
3098 189
3099 68
3100 131
3101 106
3102 93
3103 221
3104 224
3105 89
3106 124
3107 74
3108 124
3109 113
3110 111
3111 121
3112 135
3113 71
3114 154
3115 52
3116 127
3117 98
3118 89
3119 74
3120 96
3121 166
3122 86
3123 214
3124 93
3125 161
3126 121
3127 117
3128 78
3129 219
3130 55
3131 148
3132 98
3133 174
3134 148
3135 64
3136 144
3137 148
3138 63
3139 213
3140 51
3141 161
3142 54
3143 82
3144 99
3145 70
3146 166
3147 53
3148 117
3149 83
3150 136
3151 129
3152 130
3153 84
3154 107
3155 68
3156 108
3157 155
3158 114
3159 93
3160 78
3161 144
3162 99
3163 79
3164 151
3165 111
3166 111
3167 78
3168 76
3169 154
3170 91
3171 88
3172 75
3173 93
3174 66
3175 71
3176 122
3177 111
3178 77
3179 69
3180 71
3181 166
3182 102
3183 69
3184 72
3185 112
3186 85
3187 112
3188 137
3189 121
3190 76
3191 79
3192 54
3193 161
3194 122
3195 78
3196 73
3197 105
3198 60
3199 48
3200 98
3201 112
3202 108
3203 115
3204 68
3205 83
3206 73
3207 88
3208 138
3209 86
3210 96
3211 82
3212 91
3213 94
3214 89
3215 89
3216 64
3217 75
3218 85
3219 82
3220 149
3221 110
3222 78
3223 115
3224 78
3225 70
3226 106
3227 94
3228 91
3229 64
3230 76
3231 58
3232 75
3233 121
3234 68
3235 123
3236 87
3237 101
3238 75
3239 54
3240 91
3241 67
3242 76
3243 144
3244 105
3245 209
3246 108
3247 84
3248 117
3249 84
3250 90
3251 89
3252 74
3253 67
3254 77
3255 77
3256 81
3257 87
3258 95
3259 82
3260 151
3261 135
3262 135
3263 88
3264 135
3265 122
3266 81
3267 82
3268 152
3269 110
3270 224
3271 123
3272 112
3273 103
3274 87
3275 125
3276 71
3277 51
3278 64
3279 76
3280 66
3281 91
3282 73
3283 130
3284 97
3285 121
3286 157
3287 139
3288 92
3289 161
3290 94
3291 83
3292 84
3293 125
3294 125
3295 216
3296 166
3297 127
3298 84
3299 78
3300 138
3301 75
3302 73
3303 74
3304 77
3305 73
3306 88
3307 64
3308 122
3309 105
3310 154
3311 114
3312 126
3313 106
3314 143
3315 93
3316 79
3317 87
3318 104
3319 98
3320 224
3321 224
3322 127
3323 106
3324 92
3325 140
3326 73
3327 89
3328 66
3329 83
3330 85
3331 71
3332 55
3333 104
3334 89
3335 195
3336 104
3337 129
3338 104
3339 180
3340 136
3341 72
3342 75
3343 79
3344 102
3345 180
3346 205
3347 91
3348 69
3349 83
3350 201
3351 82
3352 100
3353 69
3354 100
3355 113
3356 80
3357 93
3358 149
3359 81
3360 176
3361 120
3362 113
3363 87
3364 119
3365 148
3366 90
3367 89
3368 100
3369 151
3370 84
3371 179
3372 109
3373 38
3374 107
3375 224
3376 79
3377 100
3378 75
3379 82
3380 131
3381 86
3382 110
3383 154
3384 60
3385 164
3386 112
3387 121
3388 85
3389 61
3390 113
3391 125
3392 106
3393 169
3394 196
3395 120
3396 181
3397 97
3398 69
3399 144
3400 207
3401 77
3402 68
3403 90
3404 70
3405 121
3406 88
3407 216
3408 83
3409 81
3410 112
3411 91
3412 123
3413 84
3414 94
3415 78
3416 154
3417 120
3418 224
3419 169
3420 206
3421 110
3422 87
3423 151
3424 112
3425 176
3426 77
3427 61
3428 98
3429 70
3430 137
3431 73
3432 160
3433 61
3434 98
3435 63
3436 81
3437 120
3438 72
3439 123
3440 72
3441 120
3442 122
3443 209
3444 148
3445 210
3446 80
3447 101
3448 188
3449 132
3450 197
3451 75
3452 89
3453 89
3454 169
3455 93
3456 93
3457 91
3458 108
3459 76
3460 86
3461 98
3462 92
3463 140
3464 103
3465 61
3466 116
3467 110
3468 125
3469 177
3470 160
3471 141
3472 162
3473 128
3474 216
3475 83
3476 75
3477 67
3478 102
3479 94
3480 158
3481 107
3482 161
3483 105
3484 111
3485 100
3486 78
3487 83
3488 84
3489 108
3490 111
3491 53
3492 121
3493 108
3494 130
3495 177
3496 187
3497 177
3498 164
3499 158
3500 192
3501 77
3502 78
3503 100
3504 84
3505 111
3506 109
3507 190
3508 130
3509 133
3510 166
3511 90
3512 96
3513 109
3514 79
3515 97
3516 56
3517 56
3518 137
3519 179
3520 182
3521 146
3522 146
3523 121
3524 94
3525 141
3526 69
3527 93
3528 87
3529 44
3530 79
3531 120
3532 172
3533 137
3534 168
3535 183
3536 82
3537 131
3538 126
3539 66
3540 86
3541 55
3542 90
3543 144
3544 182
3545 152
3546 120
3547 124
3548 85
3549 25
3550 128
3551 74
3552 111
3553 89
3554 80
3555 110
3556 111
3557 158
3558 125
3559 184
3560 184
3561 96
3562 176
3563 142
3564 75
3565 78
3566 75
3567 129
3568 155
3569 130
3570 108
3571 116
3572 127
3573 112
3574 79
3575 142
3576 63
3577 130
3578 92
3579 76
3580 128
3581 111
3582 143
3583 135
3584 192
3585 79
3586 125
3587 142
3588 152
3589 72
3590 72
3591 63
3592 159
3593 200
3594 96
3595 148
3596 131
3597 199
3598 158
3599 63
3600 188
3601 78
3602 99
3603 99
3604 81
3605 104
3606 131
3607 98
3608 134
3609 139
3610 129
3611 148
3612 89
3613 121
3614 85
3615 81
3616 90
3617 131
3618 190
3619 78
3620 136
3621 111
3622 224
3623 224
3624 122
3625 184
3626 85
3627 103
3628 111
3629 94
3630 86
3631 151
3632 95
3633 108
3634 111
3635 151
3636 162
3637 166
3638 177
3639 103
3640 82
3641 100
3642 100
3643 147
3644 44
3645 175
3646 136
3647 199
3648 217
3649 140
3650 152
3651 87
3652 125
3653 80
3654 111
3655 102
3656 158
3657 140
3658 99
3659 161
3660 187
3661 130
3662 191
3663 224
3664 146
3665 87
3666 127
3667 131
3668 136
3669 119
3670 203
3671 155
3672 131
3673 224
3674 134
3675 124
3676 98
3677 72
3678 131
3679 108
3680 147
3681 150
3682 87
3683 185
3684 203
3685 156
3686 190
3687 209
3688 119
3689 92
3690 120
3691 174
3692 163
3693 160
3694 186
3695 161
3696 120
3697 194
3698 116
3699 143
3700 137
3701 80
3702 95
3703 85
3704 96
3705 111
3706 154
3707 124
3708 102
3709 159
3710 147
3711 107
3712 196
3713 155
3714 71
3715 71
3716 112
3717 123
3718 118
3719 118
3720 153
3721 136
3722 93
3723 89
3724 107
3725 113
3726 69
3727 142
3728 79
3729 73
3730 110
3731 111
3732 128
3733 115
3734 176
3735 97
3736 127
3737 188
3738 153
3739 79
3740 82
3741 110
3742 158
3743 98
3744 97
3745 114
3746 108
3747 119
3748 75
3749 130
3750 88