SI: 25 150
1 42
2 39
3 38
4 37
5 39
6 38
7 39
8 39
9 39
10 39
11 38
12 38
13 38
14 36
15 38
16 38
17 42
18 37
19 38
20 39
21 38
22 41
23 39
24 41
25 43
26 43
27 38
28 39
29 37
30 39
31 38
32 38
33 40
34 40
35 39
36 39
37 37
38 38
39 38
40 38
41 38
42 41
43 38
44 37
45 39
46 38
47 40
48 38
49 40
50 42
51 42
52 39
53 40
54 36
55 39
56 39
57 37
58 40
59 40
60 39
61 40
62 37
63 39
64 37
65 38
66 38
67 40
68 38
69 37
70 38
71 38
72 38
73 39
74 41
75 41
76 41
77 39
78 40
79 38
80 39
81 39
82 39
83 39
84 40
85 39
86 39
87 39
88 38
89 37
90 38
91 38
92 40
93 38
94 38
95 37
96 39
97 38
98 39
99 42
100 41
101 40
102 38
103 40
104 39
105 39
106 38
107 39
108 37
109 38
110 40
111 38
112 40
113 38
114 38
115 38
116 37
117 38
118 38
119 38
120 37
121 38
122 38
123 39
124 41
125 39
126 38
127 39
128 39
129 39
130 37
131 37
132 37
133 39
134 40
135 39
136 39
137 37
138 38
139 39
140 38
141 38
142 38
143 37
144 38
145 37
146 37
147 39
148 40
149 37
150 39
151 40
152 39
153 39
154 40
155 39
156 36
157 39
158 38
159 39
160 40
161 38
162 39
163 38
164 39
165 40
166 39
167 39
168 38
169 38
170 38
171 36
172 37
173 37
174 39
175 36
176 40
177 39
178 39
179 39
180 39
181 36
182 39
183 38
184 39
185 39
186 38
187 38
188 38
189 39
190 39
191 39
192 39
193 37
194 37
195 38
196 36
197 38
198 36
199 38
200 37
201 40
202 39
203 39
204 38
205 38
206 37
207 38
208 37
209 39
210 38
211 38
212 38
213 38
214 38
215 38
216 38
217 37
218 36
219 36
220 39
221 37
222 38
223 36
224 37
225 37
226 40
227 39
228 38
229 37
230 37
231 38
232 38
233 36
234 39
235 39
236 38
237 37
238 37
239 37
240 37
241 37
242 36
243 36
244 35
245 38
246 36
247 37
248 36
249 36
250 37
251 40
252 39
253 37
254 37
255 38
256 40
257 38
258 36
259 38
260 38
261 38
262 36
263 37
264 38
265 36
266 36
267 36
268 35
269 35
270 38
271 36
272 36
273 37
274 37
275 36
276 41
277 39
278 39
279 37
280 38
281 40
282 38
283 38
284 39
285 37
286 38
287 37
288 36
289 38
290 37
291 35
292 37
293 36
294 36
295 38
296 37
297 36
298 36
299 37
300 36
301 40
302 38
303 38
304 37
305 39
306 40
307 39
308 39
309 38
310 37
311 39
312 38
313 34
314 37
315 38
316 34
317 36
318 36
319 37
320 38
321 37
322 38
323 37
324 37
325 36
326 41
327 38
328 38
329 37
330 38
331 39
332 38
333 39
334 38
335 37
336 40
337 37
338 35
339 37
340 37
341 37
342 35
343 36
344 35
345 36
346 37
347 37
348 36
349 37
350 37
351 38
352 38
353 37
354 37
355 39
356 38
357 38
358 38
359 37
360 39
361 37
362 37
363 37
364 36
365 35
366 35
367 37
368 34
369 35
370 36
371 36
372 35
373 36
374 36
375 36
376 41
377 38
378 38
379 39
380 38
381 39
382 38
383 38
384 38
385 37
386 38
387 37
388 36
389 37
390 37
391 35
392 36
393 37
394 35
395 35
396 36
397 36
398 35
399 36
400 35
401 40
402 39
403 38
404 40
405 39
406 39
407 39
408 38
409 37
410 37
411 37
412 38
413 37
414 37
415 36
416 35
417 37
418 36
419 36
420 35
421 37
422 36
423 35
424 36
425 35
426 40
427 40
428 38
429 39
430 39
431 40
432 39
433 39
434 37
435 37
436 38
437 39
438 37
439 37
440 36
441 35
442 37
443 36
444 36
445 35
446 37
447 35
448 35
449 36
450 35
451 42
452 40
453 38
454 39
455 39
456 40
457 38
458 39
459 38
460 38
461 39
462 39
463 38
464 37
465 37
466 36
467 37
468 36
469 36
470 35
471 37
472 35
473 36
474 35
475 34
476 43
477 40
478 39
479 39
480 39
481 39
482 38
483 39
484 39
485 39
486 48
487 39
488 38
489 38
490 37
491 37
492 37
493 37
494 36
495 36
496 36
497 36
498 36
499 35
500 35
501 41
502 40
503 40
504 40
505 39
506 39
507 38
508 39
509 41
510 39
511 38
512 38
513 37
514 39
515 37
516 37
517 37
518 37
519 36
520 36
521 36
522 36
523 35
524 35
525 36
526 40
527 40
528 39
529 41
530 39
531 39
532 38
533 40
534 41
535 39
536 37
537 38
538 37
539 37
540 38
541 37
542 36
543 37
544 36
545 37
546 37
547 36
548 36
549 35
550 36
551 39
552 39
553 39
554 40
555 39
556 39
557 39
558 39
559 40
560 39
561 37
562 37
563 38
564 36
565 37
566 36
567 36
568 37
569 36
570 37
571 36
572 34
573 36
574 35
575 35
576 40
577 39
578 39
579 40
580 39
581 39
582 39
583 39
584 40
585 40
586 36
587 37
588 39
589 36
590 37
591 36
592 36
593 36
594 36
595 37
596 36
597 33
598 35
599 35
600 34
601 41
602 39
603 39
604 41
605 40
606 40
607 39
608 41
609 40
610 39
611 37
612 37
613 39
614 37
615 37
616 37
617 37
618 37
619 35
620 36
621 37
622 34
623 34
624 37
625 35
626 40
627 40
628 41
629 40
630 39
631 39
632 41
633 40
634 38
635 38
636 37
637 38
638 37
639 37
640 37
641 37
642 37
643 36
644 37
645 36
646 34
647 35
648 36
649 35
650 33
651 42
652 41
653 39
654 40
655 40
656 38
657 42
658 41
659 40
660 40
661 39
662 38
663 37
664 37
665 38
666 37
667 36
668 37
669 37
670 37
671 36
672 35
673 36
674 36
675 35
676 42
677 42
678 40
679 40
680 41
681 38
682 41
683 40
684 41
685 41
686 40
687 38
688 38
689 37
690 38
691 38
692 38
693 38
694 38
695 36
696 36
697 35
698 36
699 36
700 35
701 42
702 42
703 41
704 41
705 43
706 39
707 39
708 40
709 40
710 40
711 41
712 39
713 39
714 36
715 37
716 38
717 35
718 38
719 37
720 36
721 36
722 34
723 36
724 35
725 34
726 41
727 42
728 41
729 42
730 43
731 39
732 39
733 40
734 40
735 40
736 41
737 40
738 39
739 37
740 38
741 37
742 36
743 38
744 38
745 37
746 36
747 34
748 36
749 35
750 34
751 41
752 43
753 41
754 43
755 43
756 40
757 41
758 40
759 41
760 42
761 41
762 41
763 39
764 38
765 39
766 39
767 38
768 39
769 38
770 37
771 37
772 35
773 36
774 35
775 35
776 43
777 43
778 43
779 43
780 43
781 41
782 44
783 42
784 43
785 42
786 41
787 41
788 39
789 38
790 39
791 39
792 40
793 38
794 37
795 38
796 38
797 36
798 36
799 36
800 36
801 44
802 42
803 44
804 42
805 43
806 42
807 46
808 43
809 43
810 42
811 42
812 41
813 39
814 38
815 38
816 39
817 40
818 36
819 38
820 38
821 37
822 37
823 37
824 35
825 36
826 44
827 44
828 44
829 43
830 43
831 42
832 44
833 43
834 43
835 42
836 40
837 42
838 40
839 39
840 40
841 40
842 40
843 37
844 38
845 38
846 37
847 37
848 38
849 35
850 36
851 44
852 43
853 44
854 44
855 43
856 42
857 42
858 42
859 42
860 40
861 41
862 41
863 39
864 41
865 39
866 40
867 37
868 38
869 39
870 37
871 36
872 37
873 36
874 36
875 36
876 43
877 44
878 43
879 44
880 43
881 44
882 42
883 41
884 41
885 42
886 42
887 41
888 43
889 40
890 40
891 39
892 40
893 38
894 38
895 38
896 38
897 36
898 37
899 37
900 37
901 43
902 44
903 43
904 44
905 42
906 44
907 43
908 42
909 41
910 42
911 44
912 42
913 44
914 42
915 40
916 40
917 40
918 39
919 39
920 37
921 40
922 36
923 38
924 37
925 37
926 44
927 44
928 44
929 44
930 42
931 45
932 44
933 44
934 43
935 43
936 44
937 43
938 44
939 42
940 41
941 41
942 41
943 40
944 40
945 38
946 40
947 37
948 38
949 37
950 37
951 44
952 44
953 44
954 44
955 44
956 45
957 44
958 44
959 43
960 44
961 42
962 43
963 44
964 42
965 41
966 41
967 42
968 42
969 41
970 38
971 38
972 37
973 37
974 37
975 37
976 42
977 43
978 44
979 44
980 45
981 46
982 44
983 43
984 44
985 43
986 43
987 43
988 42
989 43
990 40
991 41
992 41
993 42
994 41
995 39
996 39
997 36
998 36
999 37
1000 37
1001 46
1002 45
1003 45
1004 44
1005 45
1006 46
1007 45
1008 43
1009 44
1010 43
1011 44
1012 43
1013 42
1014 42
1015 41
1016 42
1017 41
1018 42
1019 43
1020 41
1021 38
1022 37
1023 37
1024 37
1025 38
1026 45
1027 46
1028 46
1029 45
1030 45
1031 46
1032 44
1033 43
1034 45
1035 43
1036 44
1037 44
1038 42
1039 42
1040 41
1041 43
1042 42
1043 42
1044 44
1045 42
1046 39
1047 38
1048 38
1049 39
1050 38
1051 45
1052 46
1053 45
1054 46
1055 45
1056 45
1057 43
1058 43
1059 44
1060 44
1061 43
1062 44
1063 42
1064 42
1065 42
1066 43
1067 42
1068 41
1069 43
1070 43
1071 39
1072 38
1073 39
1074 40
1075 38
1076 46
1077 47
1078 44
1079 45
1080 45
1081 45
1082 45
1083 42
1084 44
1085 43
1086 42
1087 43
1088 41
1089 43
1090 42
1091 42
1092 41
1093 40
1094 43
1095 45
1096 41
1097 38
1098 39
1099 40
1100 37
1101 47
1102 48
1103 44
1104 46
1105 45
1106 45
1107 44
1108 43
1109 45
1110 44
1111 43
1112 44
1113 42
1114 44
1115 42
1116 43
1117 42
1118 41
1119 44
1120 45
1121 43
1122 40
1123 40
1124 40
1125 37
1126 48
1127 45
1128 47
1129 46
1130 45
1131 45
1132 44
1133 44
1134 44
1135 43
1136 44
1137 43
1138 44
1139 42
1140 42
1141 42
1142 42
1143 43
1144 43
1145 42
1146 41
1147 41
1148 38
1149 38
1150 36
1151 47
1152 47
1153 46
1154 47
1155 46
1156 46
1157 45
1158 45
1159 44
1160 44
1161 43
1162 46
1163 44
1164 43
1165 42
1166 42
1167 43
1168 42
1169 42
1170 42
1171 42
1172 41
1173 42
1174 39
1175 40
1176 48
1177 48
1178 47
1179 47
1180 46
1181 47
1182 46
1183 46
1184 45
1185 45
1186 43
1187 45
1188 43
1189 44
1190 43
1191 42
1192 42
1193 42
1194 41
1195 42
1196 40
1197 43
1198 42
1199 39
1200 40
1201 50
1202 49
1203 49
1204 49
1205 47
1206 48
1207 46
1208 47
1209 46
1210 45
1211 44
1212 45
1213 44
1214 44
1215 44
1216 43
1217 42
1218 43
1219 41
1220 42
1221 40
1222 44
1223 43
1224 40
1225 40
1226 55
1227 51
1228 51
1229 51
1230 49
1231 49
1232 47
1233 47
1234 46
1235 46
1236 45
1237 44
1238 46
1239 43
1240 44
1241 44
1242 42
1243 44
1244 42
1245 42
1246 41
1247 44
1248 43
1249 41
1250 40
1251 62
1252 55
1253 55
1254 53
1255 49
1256 49
1257 48
1258 47
1259 45
1260 46
1261 46
1262 44
1263 46
1264 43
1265 44
1266 44
1267 42
1268 44
1269 43
1270 43
1271 42
1272 42
1273 43
1274 41
1275 41
1276 68
1277 61
1278 62
1279 58
1280 58
1281 49
1282 49
1283 47
1284 47
1285 47
1286 46
1287 45
1288 46
1289 42
1290 45
1291 44
1292 43
1293 43
1294 43
1295 44
1296 42
1297 42
1298 42
1299 41
1300 41
1301 73
1302 71
1303 72
1304 63
1305 55
1306 53
1307 51
1308 49
1309 50
1310 50
1311 47
1312 45
1313 46
1314 42
1315 46
1316 43
1317 43
1318 42
1319 43
1320 44
1321 41
1322 42
1323 42
1324 41
1325 40
1326 70
1327 78
1328 80
1329 71
1330 64
1331 61
1332 53
1333 51
1334 55
1335 55
1336 47
1337 46
1338 46
1339 43
1340 46
1341 43
1342 43
1343 43
1344 43
1345 43
1346 41
1347 42
1348 43
1349 42
1350 40
1351 83
1352 90
1353 89
1354 77
1355 73
1356 72
1357 58
1358 56
1359 63
1360 74
1361 47
1362 46
1363 47
1364 44
1365 45
1366 44
1367 44
1368 43
1369 44
1370 44
1371 42
1372 42
1373 43
1374 43
1375 40
1376 77
1377 104
1378 108
1379 84
1380 80
1381 75
1382 64
1383 63
1384 79
1385 88
1386 88
1387 48
1388 48
1389 46
1390 45
1391 46
1392 46
1393 44
1394 43
1395 44
1396 43
1397 42
1398 43
1399 44
1400 42
1401 78
1402 91
1403 102
1404 87
1405 85
1406 80
1407 71
1408 70
1409 101
1410 83
1411 55
1412 50
1413 48
1414 46
1415 46
1416 46
1417 46
1418 45
1419 44
1420 44
1421 44
1422 42
1423 44
1424 43
1425 42
1426 75
1427 71
1428 100
1429 90
1430 91
1431 91
1432 76
1433 73
1434 111
1435 75
1436 61
1437 52
1438 49
1439 47
1440 46
1441 47
1442 46
1443 46
1444 46
1445 44
1446 45
1447 42
1448 44
1449 43
1450 41
1451 96
1452 79
1453 98
1454 94
1455 93
1456 88
1457 78
1458 74
1459 100
1460 71
1461 72
1462 54
1463 54
1464 50
1465 48
1466 48
1467 48
1468 47
1469 47
1470 44
1471 46
1472 44
1473 44
1474 43
1475 41
1476 105
1477 89
1478 100
1479 96
1480 96
1481 90
1482 84
1483 76
1484 82
1485 73
1486 75
1487 61
1488 60
1489 54
1490 49
1491 49
1492 49
1493 48
1494 48
1495 45
1496 46
1497 46
1498 44
1499 44
1500 41
1501 116
1502 107
1503 104
1504 99
1505 101
1506 89
1507 75
1508 76
1509 75
1510 72
1511 79
1512 71
1513 65
1514 60
1515 54
1516 52
1517 52
1518 52
1519 46
1520 45
1521 45
1522 46
1523 43
1524 45
1525 43
1526 132
1527 99
1528 108
1529 93
1530 110
1531 91
1532 75
1533 76
1534 74
1535 71
1536 82
1537 82
1538 68
1539 69
1540 61
1541 57
1542 51
1543 47
1544 48
1545 46
1546 45
1547 46
1548 44
1549 44
1550 43
1551 140
1552 133
1553 105
1554 103
1555 107
1556 89
1557 76
1558 78
1559 76
1560 72
1561 86
1562 75
1563 71
1564 73
1565 69
1566 63
1567 73
1568 67
1569 51
1570 48
1571 46
1572 47
1573 45
1574 42
1575 42
1576 151
1577 155
1578 111
1579 109
1580 109
1581 82
1582 77
1583 80
1584 78
1585 74
1586 82
1587 76
1588 74
1589 78
1590 73
1591 67
1592 72
1593 86
1594 46
1595 52
1596 48
1597 48
1598 46
1599 44
1600 44
1601 164
1602 186
1603 144
1604 132
1605 110
1606 94
1607 84
1608 83
1609 82
1610 78
1611 82
1612 79
1613 77
1614 74
1615 75
1616 70
1617 63
1618 142
1619 56
1620 58
1621 50
1622 50
1623 46
1624 44
1625 45
1626 150
1627 174
1628 165
1629 151
1630 128
1631 109
1632 90
1633 78
1634 79
1635 73
1636 84
1637 82
1638 78
1639 75
1640 78
1641 73
1642 69
1643 197
1644 60
1645 69
1646 50
1647 50
1648 47
1649 45
1650 45
1651 140
1652 132
1653 166
1654 164
1655 140
1656 129
1657 113
1658 93
1659 90
1660 97
1661 90
1662 84
1663 79
1664 77
1665 79
1666 76
1667 82
1668 147
1669 76
1670 85
1671 63
1672 60
1673 50
1674 47
1675 46
1676 113
1677 110
1678 172
1679 197
1680 136
1681 144
1682 127
1683 111
1684 113
1685 111
1686 111
1687 87
1688 71
1689 80
1690 74
1691 85
1692 82
1693 62
1694 79
1695 114
1696 72
1697 71
1698 54
1699 49
1700 47
1701 106
1702 137
1703 186
1704 209
1705 130
1706 148
1707 148
1708 148
1709 155
1710 110
1711 108
1712 95
1713 89
1714 85
1715 83
1716 81
1717 84
1718 70
1719 83
1720 111
1721 71
1722 81
1723 65
1724 53
1725 49
1726 131
1727 149
1728 184
1729 203
1730 144
1731 144
1732 141
1733 172
1734 191
1735 155
1736 126
1737 102
1738 101
1739 85
1740 91
1741 64
1742 87
1743 85
1744 96
1745 90
1746 72
1747 73
1748 70
1749 56
1750 48
1751 162
1752 150
1753 144
1754 197
1755 164
1756 165
1757 145
1758 155
1759 208
1760 223
1761 137
1762 115
1763 113
1764 99
1765 102
1766 77
1767 91
1768 87
1769 85
1770 87
1771 105
1772 100
1773 90
1774 72
1775 60
1776 195
1777 169
1778 150
1779 182
1780 180
1781 194
1782 159
1783 181
1784 197
1785 137
1786 131
1787 134
1788 135
1789 106
1790 109
1791 85
1792 85
1793 90
1794 73
1795 88
1796 109
1797 119
1798 124
1799 79
1800 73
1801 197
1802 139
1803 128
1804 165
1805 179
1806 224
1807 142
1808 160
1809 160
1810 78
1811 124
1812 154
1813 153
1814 132
1815 133
1816 111
1817 98
1818 98
1819 87
1820 94
1821 84
1822 93
1823 148
1824 84
1825 87
1826 152
1827 121
1828 107
1829 189
1830 195
1831 205
1832 141
1833 150
1834 150
1835 150
1836 103
1837 169
1838 203
1839 188
1840 176
1841 145
1842 111
1843 108
1844 87
1845 95
1846 68
1847 66
1848 144
1849 87
1850 100
1851 145
1852 127
1853 116
1854 211
1855 218
1856 208
1857 151
1858 182
1859 146
1860 172
1861 111
1862 149
1863 224
1864 204
1865 179
1866 194
1867 123
1868 131
1869 107
1870 101
1871 91
1872 74
1873 88
1874 84
1875 88
1876 155
1877 153
1878 153
1879 201
1880 203
1881 200
1882 159
1883 184
1884 174
1885 199
1886 165
1887 138
1888 214
1889 197
1890 182
1891 204
1892 126
1893 144
1894 128
1895 94
1896 100
1897 83
1898 83
1899 75
1900 80
1901 164
1902 179
1903 115
1904 195
1905 166
1906 224
1907 191
1908 158
1909 222
1910 214
1911 200
1912 168
1913 218
1914 160
1915 162
1916 186
1917 113
1918 155
1919 170
1920 116
1921 119
1922 101
1923 107
1924 88
1925 91
1926 159
1927 148
1928 120
1929 183
1930 197
1931 190
1932 199
1933 155
1934 207
1935 197
1936 218
1937 206
1938 180
1939 179
1940 176
1941 176
1942 106
1943 171
1944 195
1945 133
1946 144
1947 135
1948 118
1949 101
1950 78
1951 113
1952 137
1953 172
1954 224
1955 178
1956 224
1957 144
1958 202
1959 179
1960 224
1961 217
1962 121
1963 216
1964 162
1965 148
1966 112
1967 168
1968 179
1969 130
1970 168
1971 182
1972 128
1973 130
1974 66
1975 52
1976 144
1977 101
1978 157
1979 183
1980 210
1981 169
1982 203
1983 169
1984 153
1985 196
1986 191
1987 173
1988 188
1989 181
1990 189
1991 173
1992 85
1993 197
1994 138
1995 113
1996 177
1997 194
1998 170
1999 153
2000 111
2001 163
2002 139
2003 169
2004 195
2005 223
2006 142
2007 187
2008 186
2009 91
2010 224
2011 154
2012 109
2013 216
2014 163
2015 132
2016 224
2017 129
2018 224
2019 128
2020 107
2021 123
2022 98
2023 208
2024 117
2025 150
2026 130
2027 161
2028 150
2029 201
2030 212
2031 164
2032 176
2033 176
2034 81
2035 193
2036 159
2037 99
2038 188
2039 189
2040 180
2041 213
2042 168
2043 205
2044 119
2045 77
2046 101
2047 54
2048 161
2049 79
2050 130
2051 109
2052 184
2053 135
2054 224
2055 203
2056 170
2057 177
2058 224
2059 94
2060 130
2061 132
2062 127
2063 121
2064 151
2065 224
2066 138
2067 124
2068 140
2069 114
2070 106
2071 119
2072 108
2073 71
2074 86
2075 85
2076 128
2077 185
2078 137
2079 194
2080 200
2081 185
2082 172
2083 221
2084 115
2085 82
2086 154
2087 160
2088 127
2089 129
2090 164
2091 111
2092 116
2093 118
2094 103
2095 105
2096 105
2097 99
2098 73
2099 84
2100 70
2101 144
2102 144
2103 121
2104 213
2105 203
2106 130
2107 128
2108 224
2109 177
2110 124
2111 181
2112 193
2113 112
2114 151
2115 132
2116 130
2117 145
2118 154
2119 109
2120 109
2121 143
2122 107
2123 100
2124 94
2125 91
2126 166
2127 124
2128 97
2129 217
2130 172
2131 127
2132 117
2133 201
2134 178
2135 168
2136 196
2137 178
2138 129
2139 129
2140 192
2141 164
2142 163
2143 195
2144 103
2145 114
2146 148
2147 110
2148 98
2149 106
2150 95
2151 183
2152 148
2153 124
2154 224
2155 139
2156 155
2157 132
2158 153
2159 112
2160 182
2161 194
2162 148
2163 130
2164 158
2165 224
2166 174
2167 140
2168 190
2169 137
2170 134
2171 130
2172 111
2173 103
2174 103
2175 97
2176 197
2177 173
2178 121
2179 200
2180 177
2181 158
2182 222
2183 179
2184 147
2185 208
2186 169
2187 177
2188 136
2189 169
2190 177
2191 172
2192 111
2193 147
2194 180
2195 151
2196 159
2197 113
2198 105
2199 106
2200 93
2201 201
2202 156
2203 123
2204 178
2205 164
2206 153
2207 224
2208 161
2209 166
2210 224
2211 130
2212 134
2213 172
2214 186
2215 157
2216 193
2217 138
2218 96
2219 193
2220 164
2221 145
2222 111
2223 125
2224 108
2225 116
2226 118
2227 161
2228 191
2229 155
2230 203
2231 235
2232 177
2233 203
2234 221
2235 125
2236 93
2237 166
2238 188
2239 138
2240 197
2241 156
2242 160
2243 181
2244 209
2245 176
2246 88
2247 151
2248 117
2249 111
2250 187
2251 125
2252 108
2253 185
2254 224
2255 190
2256 208
2257 224
2258 178
2259 224
2260 224
2261 144
2262 117
2263 161
2264 224
2265 125
2266 224
2267 195
2268 224
2269 169
2270 224
2271 215
2272 90
2273 177
2274 100
2275 130
2276 125
2277 106
2278 175
2279 203
2280 220
2281 210
2282 199
2283 197
2284 217
2285 205
2286 207
2287 151
2288 138
2289 207
2290 81
2291 216
2292 248
2293 224
2294 158
2295 224
2296 224
2297 127
2298 182
2299 105
2300 152
2301 137
2302 147
2303 156
2304 166
2305 224
2306 212
2307 148
2308 192
2309 220
2310 161
2311 224
2312 185
2313 117
2314 218
2315 95
2316 216
2317 171
2318 224
2319 121
2320 224
2321 224
2322 119
2323 137
2324 135
2325 187
2326 137
2327 167
2328 142
2329 164
2330 219
2331 217
2332 197
2333 190
2334 217
2335 217
2336 222
2337 214
2338 160
2339 215
2340 106
2341 212
2342 156
2343 195
2344 155
2345 190
2346 190
2347 123
2348 117
2349 176
2350 191
2351 155
2352 151
2353 148
2354 161
2355 184
2356 207
2357 195
2358 207
2359 224
2360 208
2361 224
2362 224
2363 202
2364 224
2365 136
2366 220
2367 96
2368 139
2369 167
2370 159
2371 141
2372 139
2373 146
2374 224
2375 172
2376 183
2377 166
2378 174
2379 186
2380 194
2381 197
2382 206
2383 200
2384 203
2385 195
2386 210
2387 208
2388 197
2389 215
2390 205
2391 220
2392 175
2393 113
2394 181
2395 201
2396 137
2397 174
2398 174
2399 190
2400 181
2401 192
2402 185
2403 153
2404 201
2405 223
2406 175
2407 224
2408 169
2409 189
2410 210
2411 201
2412 172
2413 201
2414 222
2415 191
2416 218
2417 224
2418 113
2419 157
2420 224
2421 100
2422 111
2423 118
2424 111
2425 168
2426 155
2427 182
2428 167
2429 202
2430 203
2431 144
2432 199
2433 177
2434 177
2435 184
2436 197
2437 199
2438 214
2439 223
2440 207
2441 207
2442 217
2443 173
2444 177
2445 189
2446 73
2447 151
2448 178
2449 108
2450 140
2451 135
2452 157
2453 203
2454 201
2455 117
2456 163
2457 138
2458 157
2459 176
2460 198
2461 224
2462 224
2463 223
2464 224
2465 208
2466 224
2467 219
2468 184
2469 164
2470 106
2471 186
2472 224
2473 137
2474 147
2475 182
2476 55
2477 126
2478 144
2479 199
2480 192
2481 138
2482 145
2483 184
2484 174
2485 191
2486 200
2487 223
2488 223
2489 199
2490 199
2491 220
2492 173
2493 220
2494 174
2495 191
2496 143
2497 188
2498 185
2499 172
2500 209
2501 96
2502 138
2503 156
2504 215
2505 188
2506 171
2507 110
2508 217
2509 164
2510 202
2511 213
2512 224
2513 224
2514 174
2515 154
2516 224
2517 108
2518 224
2519 115
2520 148
2521 204
2522 162
2523 86
2524 224
2525 224
2526 78
2527 131
2528 144
2529 196
2530 216
2531 182
2532 100
2533 100
2534 205
2535 212
2536 195
2537 217
2538 208
2539 162
2540 164
2541 201
2542 164
2543 177
2544 166
2545 107
2546 220
2547 135
2548 105
2549 200
2550 186
2551 125
2552 133
2553 144
2554 175
2555 224
2556 164
2557 128
2558 144
2559 224
2560 224
2561 165
2562 224
2563 204
2564 124
2565 171
2566 157
2567 168
2568 116
2569 195
2570 99
2571 224
2572 108
2573 123
2574 224
2575 116
2576 174
2577 107
2578 144
2579 186
2580 208
2581 172
2582 189
2583192
2584 220
2585 223
2586 200
2587 204
2588 211
2589 130
2590 196
2591 139
2592 176
2593 125
2594 202
2595 90
2596 90
2597 129
2598 112
2599 218
2600 175
2601 217
2602 124
2603 144
2604 183
2605 192
2606 174
2607 198
2608 201
2609 224
2610 224
2611 199
2612 177
2613 224
2614 151
2615 224
2616 123
2617 174
2618 119
2619 224
2620 150
2621 127
2622 173
2623 141
2624 224
2625 174
2626 204
2627 145
2628 177
2629 205
2630 204
2631 185
2632 214
2633 194
2634 220
2635 223
2636 206
2637 203
2638 218
2639 250
2640 156
2641 98
2642 182
2643 105
2644 192
2645 169
2646 169
2647 161
2648 155
2649 190
2650 161
2651 204
2652 159
2653 198
2654 218
2655 208
2656 188
2657 224
2658 164
2659 220
2660 224
2661 224
2662 224
2663 198
2664 218
2665 82
2666 115
2667 150
2668 100
2669 134
2670 145
2671 199
2672 158
2673 125
2674 85
2675 151
2676 177
2677 180
2678 182
2679 208
2680 207
2681 180
2682 180
2683 200
2684 220
2685 212
2686 205
2687 202
2688 189
2689 179
2690 116
2691 115
2692 200
2693 144
2694 155
2695 126
2696 181
2697 171
2698 85
269989
2700 159
2701 162
2702 188
2703 133
2704 224
2705 191
2706 160
2707 168
2708 200
2709 220
2710 159
2711 180
2712 142
2713 192
2714 144
2715 135
2716 137
2717 224
2718 175
2719 144
2720 133
2721 182
2722 140
2723 97
2724 122
2725 137
2726 203
2727 109
2728 182
2729 170
2730 164
2731 164
2732 202
2733 220
2734 166
2735 191
2736 157
2737 187
2738 172
2739 137
2740 153
2741 218
2742 200
2743 141
2744 137
2745 207
2746 141
2747 113
2748 137
2749 119
2750 166
2751 164
2752 222
2753 154
2754 153
2755 107
2756 161
2757 188
2758 190
2759 224
2760 121
2761 198
2762 184
2763 126
2764 172
2765 134
2766 172
2767 203
2768 163
2769 148
2770 136
2771 224
2772 125
2773 145
2774 141
2775 124
2776 186
2777 201
2778 202
2779 152
2780 105
2781 180
2782 194
2783 208
2784 214
2785 178
2786 169
2787 171
2788 174
2789 158
2790 129
2791 187
2792 187
2793 95
2794 198
2795 147
2796 224
2797 102
2798 166
2799 134
2800 128
2801 179
2802 179
2803 209
2804 155
2805 140
2806 169
2807 203
2808 224
2809 168
2810 211
2811 106
2812 112
2813 224
2814 116
2815 111
2816 147
2817 161
2818 101
2819 224
2820 122
2821 224
2822 121
2823 164
2824 111
2825 143
2826 187
2827 179
2828 172
2829 163
2830 167
2831 120
2832 203
2833 217
2834 158
2835 158
2836 107
2837 145
2838 220
2839 107
2840 111
2841 166
2842 154
2843 132
2844 201
2845 112
2846 166
2847 148
2848 137
2849 84
2850 194
2851 218
2852 164
2853 93
2854 131
2855 159
2856 130
2857 224
2858 186
2859 118
2860 218
2861 127
2862 186
2863 224
2864 138
2865 139
2866 170
2867 118
2868 165
2869 121
2870 121
2871 89
2872 144
2873 139
2874 105
2875 195
2876 204
2877 178
2878 186
2879 140
2880 130
2881 127
2882 186
2883 180
2884 128
2885 201
2886 148
2887 199
2888 161
2889 177
2890 188
2891 182
2892 186
2893 190
2894 124
2895 153
2896 128
2897 135
2898 167
2899 119
2900 156
2901 205
2902 187
2903 111
2904 131
2905 132
2906 137
2907 114
2908 191
2909 148
2910 203
2911 144
2912 148
2913 115
2914 182
2915 224
2916 156
2917 205
2918 162
2919 125
2920 199
2921 197
2922 129
2923 183
2924 155
2925 125
2926 172
2927 195
2928 131
2929 130
2930 158
2931 167
2932 145
2933 181
2934 212
2935 196
2936 152
2937 92
2938 148
2939 170
2940 218
2941 218
2942 208
2943 189
2944 110
2945 191
2946 195
2947 163
2948 180
2949 205
2950 182
2951 211
2952 172
2953 128
2954 159
2955 158
2956 179
2957 140
2958 224
2959 143
2960 149
2961 103
2962 159
2963 132
2964 224
2965 211
2966 224
2967 186
2968 120
2969 152
2970 207
2971 164
2972 133
2973 222
2974 199
2975 178
2976 181
2977 186
2978 182
2979 137
2980 169
2981 171
2982 203
2983 135
2984 203
2985 119
2986 151
2987 96
2988 169
2989 101
2990 101
2991 204
2992 199
2993 149
2994 118
2995 128
2996 197
2997 191
2998 159
2999 207
3000 184
3001 192
3002 175
3003 148
3004 140
3005 170
3006 171
3007 224
3008 120
3009 126
3010 121
3011 159
3012 116
3013 163
3014 100
3015 212
3016 204
3017 130
3018 104
3019 125
3020 111
3021 192
3022 206
3023 210
3024 224
3025 169
3026 183
3027 178
3028 184
3029 175
3030 175
3031 159
3032 210
3033 210
3034 121
3035 149
3036 152
3037 131
3038 135
3039 111
3040 220
3041 216
3042 143
3043 103
3044 122
3045 107
3046 191
3047 209
3048 203
3049 188
3050 142
3051 157
3052 150
3053 224
3054 179
3055 140
3056 134
3057 139
3058 133
3059 122
3060 177
3061 122
3062 151
3063 80
3064 121
3065 224
3066 224
3067 192
3068 126
3069 109
3070 154
3071 156
3072 171
3073 205
3074 116
3075 144
3076 134
3077 161
3078 221
3079 213
3080 139
3081 162
3082 115
3083 169
3084 148
3085 186
3086 144
3087 195
3088 92
3089 169
3090 194
3091 180
3092 192
3093 136
3094 98
3095 183
3096 191
3097 169
3098 215
3099 142
3100 184
3101 166
3102 148
3103 220
3104 224
3105 133
3106 208
3107 121
3108 194
3109 184
3110 155
3111 190
3112 221
3113 129
3114 222
3115 131
3116 169
3117 141
3118 151
3119 117
3120 144
3121 224
3122 128
3123 224
3124 142
3125 224
3126 174
3127 188
3128 167
3129 224
3130 121
3131 189
3132 164
3133 198
3134 181
3135 130
3136 195
3137 190
3138 135
3139 135
3140 154
3141 201
3142 110
3143 138
3144 163
3145 109
3146 191
3147 107
3148 184
3149 126
3150 178
3151 192
3152 214
3153 118
3154 218
3155 108
3156 132
3157 224
3158 164
3159 148
3160 116
3161 209
3162 146
3163 137
3164 195
3165 186
3166 182
3167 118
3168 110
3169 224
3170 137
3171 120
3172 121
3173 133
3174 111
3175 112
3176 178
3177 178
3178 166
3179 179
3180 138
3181 105
3182 105
3183 172
3184 174
3185 134
3186 154
3187 144
3188 190
3189 189
3190 177
3191 132
3192 124
3193 103
3194 192
3195 197
3196 143
3197 107
3198 148
3199 98
3200 97
3201 160
3202 155
3203 164
3204 102
3205 138
3206 108
3207 122
3208 217
3209 148
3210 133
3211 116
3212 141
3213 191
3214 116
3215 108
3216 106
3217 114
3218 141
3219 130
220 224
3221 166
3222 118
3223 164
3224 123
3225 112
3226 151
3227 121
3228 100
3229 121
3230 86
3231 86
3232 163
3233 116
3234 171
3235 163
3236 162
3237 176
3238 172
3239 150
3240 110
3241 115
3242 202
3243 186
3244 221
3245 190
3246 155
3247 173
3248 121
3249 140
3250 164
3251 142
3252 115
3253 101
3254 131
3255 133
3256 131
3257 135
3258 128
3259 118
3260 206
3261 210
3262 184
3263 139
3264 208
3265 180
3266 123
3267 133
3268 224
3269 212
3270 220
3271 184
3272 184
3273 139
3274 130
3275 191
3276 121
3277 81
3278 107
3279 126
3280 148
3281 164
3282 117
3283 179
3284 148
3285 186
3286 197
3287 193
3288 174
3289 193
3290 149
3291 125
3292 253
3293 179
3294 191
3295 220
3296 210
3297 191
3298 130
3299 130
3300 195
3301 114
3302 107
3303 119
3304 127
3305 121
3306 137
3307 112
3308 172
3309 162
3310 213
3311 163
3312 203
3313 172
3314 224
3315 133
3316 120
3317 139
3318 142
3319 147
3320 222
3321 224
3322 200
3323 151
3324 135
3325 185
3326 107
3327 147
3328 111
3329 130
3330 142
3331 107
3332 122
3333 177
3334 160
3335 16
3336 172
3337 174
3338 160
3339 201
3340 183
3341 118
3342 126
3343 137
3344 181
3345 204
3346 223
3347 192
3348 138
3349 179
3350 208
3351 124
3352 161
3353 112
3354 137
3355 184
3356 122
3357 149
3358 224
3359 118
3360 224
3361 195
3362 172
3363 137
3364 169
3365 178
3366 139
3367 146
3368 155
3369 207
3370 153
3371 224
3372 172
3373 114
3374 183
3375 224
3376 127
3377 154
3378 154
3379 125
3380 196
3381 146
3382 162
3383 198
3384 102
3385 207
3386 171
3387 186
3388 132
3389 135
3390 164
3391 199
3392 168
3393205
3394 221
3395 207
3396 211
3397 160
3398 160
3399 215
3400 223
3401 125
3402 110
3403 139
3404 118
3405 187
3406 144
3407 166
3408 142
3409 126
3410 165
3411 132
3412 182
3413 136
3414 135
3415 119
3416 224
3417 173
3418 224
3419 224
3420 224
3421 165
3422 129
3423 215
3424 224
3425 224
3426 125
3427 103
3428 143
3429 109
3430 190
3431 129
3432 197
3433 140
3434 144
3435 123
3436 125
3437 174
3438 140
3439 182
3440 119
3441 119
3442 171
3443 208
3444 208
3445 224
3446 192
3447 184
3448 221
3449 221
3450 224
3451 122
3452 142
3453 136
3454 201
3455 135
3456 192
3457 143
3458 157
3459 110
3460 134
3461 137
3462 144
3463 191
3464 158
3465 91
3466 157
3467 178
3468 197
3469 224
3470 224
3471 207
3472 224
3473 223
3474 224
3475 110
3476 124
3477 111
3478 185
3479 146
3480 183
3481 156
3482 198
3483 159
3484 196
3485 172
3486 129
3487 130
3488 140
3489 155
3490 155
3491 98
3492 161
3493 195
3494 205
3495 224
3496 222
3497 202
3498 200
3499 210
3500 217
3501 121
3502 123
3503 176
3504 130
3505 152
3506 171
3507 224
3508 177
3509 213
3510 214
3511 132
3512 135
3513 157
3514 119
3515 143
3516 111
3517 141
3518 203
3519 224
3520 224
3521 215
3522 199
3523 183
3524 166
3525 217
3526 112
3527 157
3528 142
3529 107
3530 140
3531 169
3532 207
3533 207
3534 218
3535 201
3536 137
3537 189
3538 191
3539 110
3540 121
3541 118
3542 151
3543 204
3544 220
3545 213
3546 216
3547 194
3548 174
3549 137
3550 218
3551 111
3552 166
3553 133
3554 127
3555 162
3556 154
3557 224
3558 182
3559 224
3560 151
3561 144
3562 224
3563 218
3564 117
3565 119
3566 120
3567 178
3568 224
3569 223
3570 200
3571 195
3572 198
3573 170
3574 108
3575 224
3576 143
3577 180
3578 141
3579 118
3580 189
3581 166
3582 188
3583 201
3584 216
3585 166
3586 195
3587 209
3588 213
3589 108
3590 119
3591 93
3592 194
3593 220
3594 177
3595 211
3596 211
3597 211
3598 213
3599 151
3600 223
3601 131
3602 145
3603 156
3604 130
3605 155
3606 188
3607 138
3608 217
3609 185
3610 174
3611 224
3612 192
3613 205
3614 121
3615 138
3616 135
3617 188
3618 224
3619 86
3620 222
3621 205
3622 224
3623 224
3624 14
3625 224
3626 143
3627 159
3628 169
3629 148
3630 141
3631 201
3632 164
3633 188
3634 211
3635 205
3636 218
3637 217
3638 216
3639 216
3640 121
3641 160
3642 186
3643 193
3644 118
3645 220
3646 213
3647 224
3648 220
3649 204
3650 217
3651 143
3652 183
3653 129
3654 169
3655 155
3656 220
3657 198
3658 145
3659 224
3660 224
3661 224
3662 224
3663 223
3664 195
3665 122
3666 158
3667 195
3668 182
3669 166
3670 220
3671 217
3672 222
3673 224
3674 213
3675 188
3676 139
3677 141
3678 119
3679 185
3680 176
3681 193
3682 193
3683 144
3684 224
3685 217
3686 213
3687 221
3688 217
3689 157
3690 130
3691 196
3692 218
3693 186
3694 201
3695 222
3696 196
3697 174
3698 205
3699 194
3700 201
3701 132
3702 141
3703 134
3704 144
3705 162
3706 217
3707 166
3708 140
3709 224
3710 189
3711 193
3712 220
3713 224
3714 102
3715 136
3716 205
3717 224
3718 166
3719 200
3720 224
3721 179
3722 113
3723 182
3724 155
3725 160
3726 198
3727 130
3728 116
3729 155
3730 166
3731 166
3732 169
3733 220
3734 188
3735 209
3736 221
3737 207
3738 159
3739 138
3740 190
3741 208
3742 192
3743 182
3744 203
3745 188
3746 171
3747 187
3748 203
3749 188
3750 197
