SI: 25 150
1 52
2 52
3 52
4 58
5 62
6 67
7 75
8 76
9 81
10 80
11 81
12 86
13 87
14 91
15 92
16 92
17 124
18 140
19 183
20 224
21 224
22 220
23 224
24 221
25 157
26 43
27 46
28 47
29 54
30 59
31 69
32 73
33 78
34 76
35 80
36 92
37 85
38 84
39 78
40 183
41 102
42 133
43 171
44 194
45 203
46 222
47 220
48 219
49 185
50 168
51 45
52 45
53 44
54 45
55 49
56 52
57 60
58 67
59 72
60 72
61 78
62 83
63 82
64 84
65 84
66 87
67 90
68 102
69 119
70 202
71 134
72 224
73 224
74 224
75 215
76 45
77 44
78 45
79 44
80 46
81 46
82 46
83 58
84 65
85 69
86 75
87 91
88 80
89 88
90 82
91 50
92 89
93 80
94 109
95 182
96 111
97 182
98 215
99 212
100 211
101 44
102 43
103 45
104 44
105 45
106 44
107 48
108 48
109 55
110 62
111 70
112 75
113 76
114 80
115 80
116 80
117 85
118 92
119 104
120 97
121 120
122 109
123 205
124 163
125 169
126 43
127 42
128 44
129 44
130 46
131 44
132 47
133 48
134 38
135 54
136 61
137 67
138 72
139 76
140 79
141 78
142 80
143 94
144 80
145 54
146 108
147 109
148 201
149 142
150 161
151 42
152 41
153 42
154 43
155 44
15644
157 46
158 46
159 46
160 48
161 51
162 56
163 63
164 71
165 75
166 75
167 79
168 80
169 86
170 83
171 87
172 111
173 163
174 116
175 101
176 43
177 41
178 42
179 42
180 42
181 43
182 45
183 44
184 44
185 45
186 40
187 46
188 53
189 66
190 70
191 71
192 76
193 77
194 80
195 80
196 80
197 84
198 109
199 111
200 89
201 42
202 40
203 42
204 41
205 41
206 43
207 44
208 44
209 43
210 43
211 45
212 45
213 47
214 47
215 57
216 62
217 71
218 75
219 77
220 79
221 82
222 87
223 85
224 100
225 123
226 41
227 40
228 41
229 41
230 40
231 43
232 43
233 44
234 43
235 43
236 43
237 43
238 45
239 45
240 36
241 53
242 62
243 68
244 75
245 76
246 78
247 82
248 73
249 82
250 125
251 41
252 40
253 40
254 41
255 39
256 42
257 42
258 43
259 43
260 43
261 42
262 43
263 45
264 45
265 45
266 48
267 52
268 58
269 66
270 73
271 74
272 78
273 80
274 85
275 90
276 41
277 39
278 39
279 41
280 41
281 41
282 42
283 42
284 43
285 42
286 43
287 43
288 44
289 44
290 44
291 45
292 40
293 48
294 58
295 66
296 72
297 76
298 75
299 81
300 72
301 39
302 38
303 39
304 41
305 39
306 47
307 42
308 43
309 42
310 42
311 42
312 42
313 42
314 42
315 42
316 42
317 45
318 49
319 55
320 66
321 71
322 71
323 78
324 81
325 80
326 41
327 39
328 39
329 39
330 41
331 39
332 41
333 41
334 42
335 41
336 41
337 42
338 41
339 41
340 41
341 42
342 41
343 43
344 44
345 48
346 56
347 63
348 66
349 80
350 75
351 41
352 39
353 40
354 38
355 40
356 41
357 40
358 40
359 41
360 40
361 40
362 41
363 40
364 40
365 41
366 42
367 42
368 42
369 43
370 43
371 48
372 54
373 59
374 68
375 69
376 41
377 39
378 39
379 38
380 39
381 40
382 39
383 40
384 40
385 40
386 40
387 40
388 39
389 40
390 42
391 41
392 41
393 42
394 42
395 41
396 41
397 34
398 49
399 58
400 62
401 40
402 39
403 39
404 39
405 38
406 40
407 39
408 40
409 39
410 39
411 39
412 40
413 39
414 40
415 42
416 40
417 40
418 40
419 40
420 40
421 41
422 42
423 44
424 49
425 54
426 40
427 39
428 39
429 39
430 38
431 40
432 39
433 39
434 39
435 39
436 38
437 40
438 38
439 39
440 41
441 40
442 40
443 39
444 39
445 38
446 40
447 40
448 41
449 44
450 46
451 40
452 38
453 38
454 38
455 38
456 39
457 39
458 39
459 39
460 39
461 39
462 39
463 38
464 38
465 40
466 39
467 39
468 39
469 39
470 38
471 39
472 40
473 40
474 41
475 42
476 40
477 39
478 37
479 38
480 38
481 40
482 39
483 39
484 40
485 40
486 46
487 39
488 37
489 38
490 38
491 39
492 39
493 39
494 38
495 39
496 37
497 39
498 39
499 40
500 41
501 39
502 40
503 38
504 39
505 39
506 39
507 39
508 39
509 39
510 41
511 39
512 40
513 37
514 38
515 38
516 38
517 39
518 39
519 38
520 39
521 37
522 39
523 40
524 40
525 41
526 41
527 39
528 40
529 40
530 39
531 39
532 40
533 39
534 40
535 40
536 40
537 39
538 38
539 38
540 39
541 38
542 39
543 40
544 40
545 39
546 38
547 40
548 40
549 44
550 40
551 39
552 41
553 38
554 40
555 40
556 39
557 39
558 40
559 39
560 40
561 39
562 39
563 39
564 38
565 38
566 40
567 38
568 38
569 40
570 40
571 38
572 38
573 40
574 39
575 39
576 40
577 39
578 38
579 39
580 40
581 38
582 38
583 40
584 38
585 40
586 39
587 38
588 38
589 38
590 37
591 39
592 38
593 37
594 38
595 39
596 37
597 37
598 40
599 40
600 37
601 39
602 37
603 39
604 39
605 39
606 38
607 39
608 39
609 38
610 39
611 39
612 39
613 37
614 38
615 37
616 39
617 37
618 39
619 37
620 38
621 37
622 37
623 39
624 41
625 38
626 39
627 37
628 39
629 39
630 39
631 39
632 39
633 39
634 39
635 39
636 39
637 39
638 38
639 39
640 39
641 38
642 39
643 39
644 37
645 38
646 38
647 37
648 39
649 40
650 39
651 41
652 38
653 38
654 39
655 39
656 39
657 39
658 39
659 38
660 39
661 39
662 39
663 38
664 39
665 40
666 36
667 39
668 38
669 38
670 38
671 38
672 36
673 40
674 39
675 39
676 41
677 40
678 38
679 39
680 38
681 38
682 39
683 39
684 37
685 38
686 39
687 39
688 39
689 38
690 39
691 36
692 38
693 37
694 38
695 38
696 37
697 37
698 38
699 38
700 38
701 41
702 39
703 37
704 39
705 39
706 38
707 38
708 39
709 37
710 38
711 39
712 39
713 40
714 40
715 38
716 36
717 37
718 37
719 38
720 38
721 36
722 36
723 36
724 36
725 36
726 40
727 39
728 38
729 38
730 40
731 38
73 38
733 38
734 39
735 39
736 39
737 39
738 39
739 37
740 39
741 36
742 36
743 38
744 37
745 38
746 37
747 36
748 37
749 36
750 36
751 39
752 39
753 39
754 39
755 40
756 40
757 40
758 39
759 40
760 38
761 39
762 39
763 38
764 38
765 39
766 37
767 36
768 38
769 36
770 37
771 37
772 36
773 37
774 37
775 36
776 40
777 39
778 40
779 40
780 40
781 40
782 39
783 40
784 39
785 39
786 39
787 38
788 39
789 40
790 38
791 38
792 36
793 37
794 35
795 37
796 38
797 37
798 38
799 37
800 35
801 39
802 40
803 40
804 41
805 39
806 39
807 40
808 39
809 40
810 39
811 38
812 39
813 40
814 37
815 38
816 38
817 37
818 37
819 37
820 38
821 37
822 38
823 36
824 35
825 35
826 41
827 40
828 40
829 40
830 41
831 39
832 40
833 40
834 39
835 39
836 39
837 39
838 39
839 39
840 38
841 38
842 38
843 37
844 38
845 37
846 37
847 36
848 36
849 35
850 36
851 40
852 39
853 39
854 40
855 41
856 40
857 38
858 40
859 41
860 39
861 39
862 38
863 39
864 38
865 37
866 38
867 38
868 36
869 38
870 38
871 37
872 34
873 35
874 36
875 35
876 40
877 39
878 40
879 40
880 41
881 41
882 38
883 38
884 40
885 39
886 39
887 38
888 39
889 38
890 37
891 37
892 38
893 36
894 38
895 38
896 36
897 34
898 35
899 37
900 36
901 40
902 39
903 41
904 40
905 41
906 41
907 39
908 39
909 39
910 39
911 40
912 38
913 38
914 38
915 37
916 37
917 38
918 36
919 39
920 37
921 37
922 35
923 35
924 36
925 36
926 41
927 40
928 42
929 41
930 42
931 42
932 40
933 40
934 39
935 39
936 39
937 39
938 39
939 37
940 38
941 38
942 38
943 37
944 38
945 37
946 38
947 37
948 36
949 37
950 37
951 41
952 40
953 40
954 42
955 42
956 41
957 40
958 41
959 40
960 39
961 39
962 40
963 39
964 38
965 38
966 37
967 37
968 38
969 37
970 37
971 39
972 38
973 38
974 37
975 36
976 41
977 41
978 44
979 43
980 41
981 40
982 39
983 41
984 41
985 39
986 39
987 39
988 38
989 40
990 38
991 37
992 38
993 38
994 38
995 37
996 38
997 37
998 36
999 36
1000 36
1001 42
1002 42
1003 44
1004 43
1005 41
1006 40
1007 39
1008 41
1009 41
1010 40
1011 38
1012 39
1013 38
1014 39
1015 37
1016 37
1017 39
101836
1019 36
1020 37
1021 37
1022 36
1023 36
1024 36
1025 37
1026 42
1027 43
1028 44
1029 42
1030 41
1031 40
1032 40
1033 40
1034 40
1035 39
1036 39
1037 38
1038 39
1039 38
1040 38
1041 38
1042 36
1043 36
1044 37
1045 37
1046 37
1047 37
1048 36
1049 37
1050 36
1051 44
1052 44
1053 43
1054 44
1055 45
1056 42
1057 40
1058 41
1059 40
1060 40
1061 41
1062 40
1063 38
1064 39
1065 39
1066 39
1067 38
1068 37
1069 37
1070 37
1071 37
1072 37
1073 37
1074 37
1075 37
1076 46
1077 45
1078 44
1079 44
1080 45
1081 41
1082 41
1083 42
1084 41
1085 41
1086 41
1087 40
1088 38
1089 39
1090 38
1091 40
1092 37
1093 38
1094 37
1095 37
1096 38
1097 37
1098 37
1099 37
1100 37
1101 46
1102 45
1103 46
1104 44
1105 44
1106 41
1107 41
1108 41
1109 43
1110 41
1111 42
1112 40
1113 39
1114 39
1115 38
1116 39
1117 37
1118 39
1119 38
1120 38
1121 38
1122 37
1123 37
1124 36
1125 36
1126 46
1127 46
1128 46
1129 44
1130 45
1131 41
1132 41
1133 42
1134 44
1135 41
1136 42
1137 39
1138 39
1139 39
1140 39
1141 38
1142 38
1143 39
1144 39
1145 38
1146 38
1147 37
1148 37
1149 36
1150 36
1151 48
1152 47
1153 46
1154 45
1155 46
1156 42
1157 41
1158 43
1159 43
1160 41
1161 41
1162 39
1163 39
1164 39
1165 40
1166 38
1167 39
1168 39
1169 40
1170 38
1171 38
1172 38
1173 37
1174 37
1175 37
1176 46
1177 47
1178 47
1179 46
1180 46
1181 43
1182 43
1183 42
1184 43
1185 41
1186 41
1187 40
1188 39
1189 39
1190 40
1191 38
1192 39
1193 38
1194 39
1195 38
1196 37
1197 38
1198 36
1199 37
1200 36
1201 50
1202 48
1203 49
1204 48
1205 47
1206 44
1207 45
1208 42
1209 45
1210 41
1211 42
1212 40
1213 40
1214 40
1215 40
1216 39
1217 41
1218 37
1219 38
1220 38
1221 38
1222 39
1223 36
1224 36
1225 35
1226 56
1227 51
1228 52
1229 49
1230 48
1231 46
1232 46
1233 44
1234 46
1235 43
1236 43
1237 41
1238 41
1239 41
1240 41
1241 40
1242 41
1243 39
1244 39
1245 40
1246 39
1247 38
1248 38
1249 36
1250 36
1251 63
1252 55
1253 58
1254 52
1255 49
1256 48
1257 47
1258 45
1259 46
1260 45
1261 43
1262 41
1263 40
1264 41
1265 43
1266 40
1267 40
1268 39
1269 40
1270 41
1271 38
1272 37
1273 37
1274 351275 37
1276 70
1277 52
1278 66
1279 55
1280 51
1281 50
1282 48
1283 47
1284 48
1285 45
1286 44
1287 43
1288 41
1289 40
1290 46
1291 39
1292 40
1293 39
1294 39
1295 40
1296 38
1297 37
1298 37
1299 35
1300 37
1301 75
1302 74
1303 74
1304 59
1305 58
1306 53
1307 49
1308 49
1309 52
1310 48
1311 45
1312 45
1313 43
1314 40
1315 42
1316 40
1317 39
1318 39
1319 40
1320 40
1321 38
1322 37
1323 37
1324 36
1325 38
1326 83
1327 85
1328 79
1329 70
1330 66
1331 61
1332 53
1333 52
1334 55
1335 51
1336 46
1337 44
1338 44
1339 41
1340 43
1341 41
1342 40
1343 40
1344 40
1345 39
1346 40
1347 38
1348 38
1349 36
1350 38
1351 97
1352 104
1353 93
1354 77
1355 77
1356 71
1357 61
1358 58
1359 76
1360 54
1361 48
1362 46
1363 45
1364 43
1365 43
1366 43
1367 41
1368 40
1369 41
1370 40
1371 40
1372 38
1373 40
1374 37
1375 37
1376 94
1377 112
1378 116
1379 85
1380 89
1381 74
1382 70
1383 57
1384 100
1385 35
1386 51
1387 48
1388 46
1389 44
1390 43
1391 44
1392 43
1393 41
1394 41
1395 41
1396 40
1397 39
1398 40
1399 38
1400 39
1401 76
1402 96
1403 111
1404 86
1405 101
1406 78
1407 75
1408 68
1409 93
1410 64
1411 56
1412 49
1413 47
1414 45
1415 44
1416 44
1417 43
1418 43
1419 42
1420 42
1421 39
1422 39
1423 40
1424 39
1425 38
1426 82
1427 78
1428 100
1429 88
1430 107
1431 80
1432 76
1433 64
1434 78
1435 67
1436 61
1437 50
1438 48
1439 46
1440 46
1441 45
1442 44
1443 44
1444 42
1445 41
1446 40
1447 40
1448 40
1449 39
1450 37
1451 96
1452 87
1453 92
1454 92
1455 97
1456 80
1457 76
1458 74
1459 81
1460 72
1461 72
1462 53
1463 52
1464 49
1465 48
1466 48
1467 47
1468 46
1469 43
1470 42
1471 41
1472 40
1473 40
1474 39
1475 38
1476 106
1477 98
1478 99
1479 98
1480 98
1481 74
1482 76
1483 74
1484 102
1485 73
1486 76
1487 60
1488 59
1489 52
1490 50
1491 49
1492 51
1493 48
1494 46
1495 43
1496 40
1497 41
1498 40
1499 39
1500 39
1501 116
1502 106
1503 103
1504 106
1505 98
1506 98
1507 74
1508 75
1509 75
1510 73
1511 78
1512 69
1513 66
1514 60
1515 55
1516 51
1517 57
1518 50
1519 47
1520 44
1521 40
1522 41
1523 40
1524 40
1525 41
1526 127
1527 107
1528 107
1529102
1530 92
1531 76
1532 73
1533 75
1534 67
1535 72
1536 83
1537 71
1538 68
1539 71
1540 61
1541 57
1542 46
1543 53
1544 48
1545 46
1546 42
1547 41
1548 41
1549 41
1550 40
1551 139
1552 140
1553 110
1554 95
1555 96
1556 82
1557 75
1558 77
1559 73
1560 73
1561 88
1562 73
1563 69
1564 85
1565 66
1566 64
1567 89
1568 55
1569 55
1570 49
1571 44
1572 42
1573 42
1574 41
1575 40
1576 164
1577 192
1578 112
1579 109
1580 94
1581 82
1582 73
1583 88
1584 74
1585 75
1586 82
1587 76
1588 64
1589 81
1590 70
1591 69
1592 146
1593 61
1594 53
1595 52
1596 46
1597 45
1598 44
1599 42
1600 40
1601 150
1602 199
1603 128
1604 134
1605 113
1606 96
1607 71
1608 85
1609 79
1610 80
1611 82
1612 82
1613 73
1614 76
1615 74
1616 70
1617 181
1618 100
1619 62
1620 57
1621 49
1622 47
1623 45
1624 43
1625 41
1626 130
1627 152
1628 133
1629 158
1630 130
1631 113
1632 95
1633 84
1634 85
1635 88
1636 84
1637 83
1638 75
1639 72
1640 75
1641 71
1642 201
1643 112
1644 71
1645 62
1646 49
1647 49
1648 44
1649 44
1650 42
1651 130
1652 122
1653 148
1654 158
1655 158
1656 135
1657 111
1658 103
1659 100
1660 97
1661 88
1662 85
1663 77
1664 77
1665 74
1666 75
1667 97
1668 87
1669 76
1670 80
1671 64
1672 55
1673 47
1674 47
1675 47
1676 119
1677 137
1678 203
1679 157
1680 145
1681 156
1682 125
1683 112
1684 124
1685 104
1686 94
1687 88
1688 70
1689 79
1690 78
1691 78
1692 42
1693 67
1694 79
1695 110
1696 75
1697 61
1698 53
1699 49
1700 44
1701 130
1702 137
1703 224
1704 120
1705 136
1706 133
1707 135
1708 158
1709 163
1710 108
1711 104
1712 95
1713 84
1714 84
1715 81
1716 81
1717 84
1718 84
1719 82
1720 102
1721 73
1722 63
1723 60
1724 53
1725 46
1726 150
1727 130
1728 199
1729 130
1730 137
1731 133
1732 124
1733 187
1734 205
1735 122
1736 121
1737 108
1738 101
1739 85
1740 83
1741 73
1742 85
1743 84
1744 87
1745 88
1746 94
1747 83
1748 63
1749 60
1750 47
1751 190
1752 166
1753 167
1754 153
1755 154
1756 177
1757 122
1758 194
1759 224
1760 117
1761 139
1762 123
1763 120
1764 99
1765 102
1766 84
1767 89
1768 84
1769 83
1770 85
1771 117
1772 112
1773 88
1774 71
1775 61
1776 185
1777 174
1778 166
1779 151
1780 169
1781 205
1782 103
1783 194
1784 195
1785 98
1786 124
1787 151
1788 143
1789 113
1790 112
1791 90
1792 88
1793 85
1794 72
1795 85
1796 106
1797 127
1798 117
1799 82
1800 75
1801 146
1802 142
1803 148
1804 177
1805 174
1806 224
1807 107
1808 166
1809 113
1810 98
1811 130
1812 161
1813 179
1814 187
1815 139
1816 109
1817 101
1818 82
1819 76
1820 87
1821 75
1822 79
1823 124
1824 79
1825 102
1826 101
1827 104
1828 114
1829 203
1830 192
1831 208
1832 121
1833 154
1834 120
1835 87
1836 175
1837 130
1838 206
1839 204
1840 169
1841 144
1842 121
1843 97
1844 82
1845 89
1846 70
1847 30
1848 107
1849 75
1850 126
1851 123
1852 137
1853 112
1854 224
1855 224
1856 224
1857 224
1858 174
1859 137
1860 138
1861 188
1862 124
1863 224
1864 224
1865 160
1866 189
1867 135
1868 130
1869 105
1870 87
1871 90
1872 75
1873 94
1874 81
1875 108
1876 133
1877 186
1878 97
1879 215
1880 196
1881 190
1882 126
1883 164
1884 192
1885 203
1886 179
1887 140
1888 197
1889 197
1890 154
1891 192
1892 130
1893 169
1894 131
1895 92
1896 93
1897 83
1898 80
1899 73
1900 86
1901 158
1902 124
1903 224
1904 199
1905 166
1906 166
1907 172
1908 224
1909 224
1910 186
1911 184
1912 191
1913 160
1914 163
1915 161
1916 114
1917 178
1918 169
1919 120
1920 121
1921 102
1922 98
1923 77
1924 117
1925 75
1926 151
1927 134
1928 146
1929 189
1930 205
1931 155
1932 176
1933 198
1934 176
1935 193
1936 209
1937 217
1938 171
1939 174
1940 174
1941 157
1942 95
1943 173
1944 183
1945 138
1946 144
1947 127
1948 135
1949 98
1950 180
1951 129
1952 112
1953 164
1954 158
1955 224
1956 144
1957 217
1958 203
1959 114
1960 149
1961 224
1962 224
1963 161
1964 194
1965 141
1966 138
1967 138
1968 151
1969 149
1970 127
1971 174
1972 149
1973 161
1974 140
1975 177
1976 138
1977 107
1978 186
1979 181
1980 213
1981 182
1982 176
1983 176
1984 81
1985 186
1986 204
1987 189
1988 198
1989 169
1990 108
1991 177
1992 166
1993 141
1994 156
1995 104
1996 224
1997 141
1998 170
1999 143
2000 133
2001 93
2002 140
2003 160
2004 219
2005 224
2006 197
2007 98
2008 125
2009 107
2010 107
2011 183
2012 114
2013 224
2014 158
2015 151
2016 205
2017 192
2018 116
2019 116
2020 96
2021 224
2022 91
2023 125
2024 94
2025 114
2026 80
2027 172
2028 130
2029 209
2030 212
2031 179
2032 140
2033 152
2034 127
2035 201
2036 172
2037 99
2038 191
2039 195
2040 204
2041 179
2042 192
2043 109
2044 93
2045 88
2046 205
2047 69
2048 76
2049 71
2050 111
2051 162
2052 193
2053 193
2054 199
2055 213
2056 130
2057 169
2058 188
2059 133
2060 147
2061 166
2062 135
2063 115
2064 198
2065 154
2066 111
2067 131
2068 114
2069 103
2070 98
2071 92
2072 98
2073 98
2074 79
2075 85
2076 190
2077 164
2078 140
2079 179
2080 201
2081 111
2082 168
2083 200
2084 151
2085 119
2086 187
2087 156
2088 144
2089 165
2090 141
2091 146
2092 59
2093 107
2094 98
2095 99
2096 106
2097 99
2098 89
2099 79
2100 72
2101 173
2102 128
2103 122
2104 184
2105 181
2106 107
2107 158
2108 186
2109 150
2110 140
2111 224
2112 180
2113 177
2114 138
2115 201
2116 233
2117 78
2118 106
2119 109
2120 108
2121 141
2122 102
2123 93
2124 90
2125 91
2126 155
2127 112
2128 208
2129 161
2130 111
2131 182
2132 199
2133 137
2134 166
2135 195
2136 166
2137 166
2138 174
2139 206
2140 164
2141 65
2142 102
2143 105
2144 116
2145 121
2146 108
2147 93
2148 94
2149 87
2150 105
2151 190
2152 179
2153 98
2154 224
2155 164
2156 148
2157 166
2158 224
2159 142
2160 199
2161 185
2162 161
2163 127
2164 195
2165 195
2166 142
2167 108
2168 130
2169 144
2170 128
2171 126
2172 117
2173 100
2174 98
2175 89
2176 186
2177 182
2178 102
2179 182
2180 191
2181 199
2182 200
2183 205
2184 179
2185 198
2186 156
2187 171
2188 100
2189 175
2190 169
2191 160
2192 123
2193 87
2194 176
2195 137
2196 143
2197 111
2198 102
2199 93
2200 78
2201 153
2202 164
2203 144
2204 123
2205 180
2206 224
2207 224
2208 224
2209 186
2210 185
2211 115
2212 132
2213 130
2214 164
2215 111
2216 155
2217 135
2218 101
2219 165
2220 152
2221 137
2222 126
2223 103
2224 111
2225 86
2226 164
2227 150
2228 178
2229 170
2230 150
2231 208
2232 223
2233 172
2234 207
2235 203
2236 126
2237 118
2238 143
2239 144
2240 116
2241 194
2242 164
2243 168
2244 155
2245 205
2246 130
2247 130
2248 105
2249 146
2250 93
2251 182
2252 119
2253 163
2254 188
2255 196
2256 168
2257 220
2258 149
2259 211
2260 209
2261 166
2262 140
2263 142
2264 116
2265 119
2266 224
2267 164
2268 205
2269 132
2270 224
2271 224
2272 144
2273 119
2274 162
2275 101
2276 164
2277 114
2278 152
2279 178
2280 223
2281 207
2282 190
2283 170
2284 215
2285 195
2286 214
2287 152
2288 165
2289 178
2290 86
2291 214
2292 177
2293 215
2294 155
2295 219
2296 216
2297 201
2298 117
2299 145
2300 108
2301 116
2302 149
2303 131
2304 123
2305 224
2306 224
2307 155
2308 146
2309 224
2310 178
2311 224
2312 145
2313 164
2314 164
2315 103
2316 203
2317 138
2318 224
2319 140
2320 195
2321 224
2322 191
2323 117
2324 109
2325 129
2326 125
2327 148
2328 150
2329 172
2330 213
2331 222
2332 191
2333 194
2334 206
2335 207
2336 220
2337 198
2338 172
2339 220
2340 167
2341 203
2342 102
2343 182
2344 179
2345 167
2346 154
2347 154
2348 116
2349 181
2350 178
2351 118
2352 145
2353 189
2354 213
2355 152
2356 217
2357 217
2358 224
2359 191
2360 224
2361 224
2362 220
2363 148
2364 224
2365 193
2366 224
2367 121
2368 96
2369 213
2370 121
2371 87
2372 171
2373 136
2374 224
2375 210
2376 96
2377 172
2378 173
2379 209
2380 157
2381 213
2382 194
2383 201
2384 184
2385 194
2386 198
2387 201
2388 179
2389 215
2390 197
2391 224
2392 137
2393 113
2394 194
2395 191
2396 94
2397 173
2398 137
2399 142
2400 197
2401 204
2402 138
2403 224
2404 170
2405 213
2406 213
2407 178
2408 209
2409 164
2410 133
2411 197
2412 177
2413 215
2414 143
2415 220
2416 164
2417 160
2418 152
2419 224
2420 106
2421 158
2422 133
2423 62
2424 119
2425 224
2426 126
2427 182
2428 159
2429 213
2430 178
2431 189
2432 155
2433 173
2434 170
2435 181
2436 154
2437 206
2438 215
2439 223
2440 174
2441 213
2442 192
2443 199
2444 161
2445 182
2446 117
2447 207
2448 119
2449 75
2450 130
2451 121
2452 143
2453 155
2454 207
2455 140
2456 148
2457 138
2458 174
2459 125
2460 190
2461 179
2462 224
2463 224
2464 220
2465 119
2466 224
2467 224
2468 224
2469 143
2470 98
2471 140
2472 224
2473 121
2474 114
2475 199
2476 117
2477 147
2478 143
2479 213
2480 158
2481 141
2482 110
2483 193
2484 170
2485 190
2486 198
2487 213
2488 216
2489 188
2490 145
2491 224
2492 126
2493 219
2494 179
2495 122
2496 195
2497 224
2498 94
2499 123
2500 213
2501 101
2502 179
2503 130
2504 224
2505 184
2506 140
2507 140
2508 212
2509 172
2510 172
2511 196
2512 180
2513 224
2514 156
2515 144
2516 224
2517 135
2518 188
2519 177
2520 127
2521 224
2522 217
2523 115
2524 110
2525 224
2526 95
2527 183
2528 137
2529 215
2530 189
2531 129
2532 190
2533 186
2534 205
2535 206
2536 192
2537 194
2538 205
2539 137
2540 132
2541 194
2542 172
2543 137
2544 187
2545 105
2546 223
2547 155
2548 144
2549 124
2550 192
2551 141
2552 134
2553 134
2554 224
2555 157
2556 121
2557 179
2558 143
2559 224
2560 224
2561 174
2562 195
2563 199
2564 102
2565 140
2566 155
2567 197
2568 103
2569 208
2570 103
2571 213
2572 93
2573 125
2574 179
2575 186
2576 203
2577 137
2578 137
2579 207
2580 164
2581 154
2582 197
2583 179
2584 223
2585 223
2586 203
2587 186
2588 206
2589 110
2590 177
2591 130
2592 210
2593 94
2594 206
2595 134
2596 179
2597 95
2598 103
2599 198
2600 199
2601 224
2602 171
2603 157
2604 202
2605 167
2606 203
2607 224
2608 131
2609 224
2610 224
2611 223
2612 121
2613 224
2614 131
2615 137
2616 137
2617 224
2618 119
2619 177
2620 193
2621 144
2622 126
2623 144
2624 178
2625 184
2626 186
2627 176
2628 212
2629 197
2630 185
2631 222
2632 181
2633 223
2634 207
2635 220
2636 176
2637 209
2638 143
2639 102
2640 79
2641 205
2642 120
2643 140
2644 189
2645 199
2646 166
2647 144
2648 166
2649 150
2650 148
2651 144
2652 193
2653 167
2654 224
2655 224
2656 161
2657 224
2658 191
2659 220
2660 216
2661 224
2662 179
2663 148
2664 149
2665 149
2666 111
2667 192
2668 136
2669 121
2670 133
2671 224
2672 206
2673 124
2674 113
2675 130
2676 182
2677 191
2678 137
2679 216
2680 192
2681 179
2682 209
2683 208
2684 220
2685 195
2686 207
2687 191
2688 129
2689 126
2690 122
2691 121
2692 212
2693 178
2694 121
2695 134
2696 188
2697 184
2698 111
2699 105
2700 203
2701 224
2702 182
2703 130
2704 203
2705 159
2706 199
2707 215
2708 247
2709 224
2710 128
2711 168
2712 127
2713 148
2714 148
2715 115
2716 151
2717 224
2718 195
2719 127
2720 126
2721 126
2722 140
2723 120
2724 129
2725 224
2726 190
2727 198
2728 101
2729 159
2730 148
2731 178
2732 190
2733 222
2734 224
2735 157
2736 170
2737 159
2738 184
2739 179
2740 117
2741 208
2742 210
2743 207
2744 158
2745 118
2746 186
2747 135
2748 158
2749 145
2750 171
2751 210
2752 224
2753 130
2754 127
2755 123
2756 181
2757 184
2758 224
2759 224
2760 188
2761 146
2762 197
2763 175
2764 128
2765 135
2766 224
2767 128
2768 151
2769 172
2770 115
2771 115
2772 110
2773 186
2774 115
2775 127
2776 154
2777 218
2778 166
2779 148
2780 112
2781 190
2782 182
2783 224
2784 193
2785 195
2786 130
2787 186
2788 163
2789 96
2790 113
2791 204
2792 112
2793 96
2794 208
2795 179
2796 200
2797 101
2798 187
2799 96
2800 137
2801 202
2802 224
2803 161
2804 172
2805 149
2806 161
2807 184
2808 224
2809 178
2810 218
2811 121
2812 161
2813 155
2814 155
2815 110
2816 212
2817 129
2818 109
2819 224
2820 134
2821 130
2822 123
2823 122
2824 98
2825 155
2826 195
2827 192
2828 148
2829 178
2830 171
2831 133
2832 182
2833 201
2834 132
2835 185
2836 154
2837 171
2838 193
2839 158
2840 108
2841 179
2842 158
2843 121
2844 192
2845 111
2846 108
2847 140
2848 146
2849 78
2850 197
2851 203
2852 164
2853 117
2854 164
2855 149
2856 103
2857 103
2858 158
2859 117
2860 155
2861 194
2862 157
2863 197
2864 209
2865 107
2866 119
2867 161
2868 110
2869 148
2870 137
2871 122
2872 161
2873 167
2874 109
2875 178
2876 192
2877 173
2878 90
2879 147
2880 165
2881 110
2882 128
2883 172
2884 188
2885 177
2886 205
2887 160
2888 159
2889 191
2890 172
2891 158
2892 201
2893 120
2894 127
2895 170
2896 112
2897 168
2898 116
2899 146
2900 129
2901 181
2902 121
2903 124
2904 184
2905 147
2906 147
2907 189
2908 220
2909 148
2910 189
2911 119
2912 142
2913 163
2914 224
2915 155
2916 224
2917 137
2918 111
2919 211
2920 138
2921 138
2922 76
2923 205
2924 125
2925 130
2926 174
2927 186
2928 140
2929 115
2930 166
2931 171
2932 151
2933 190
2934 212
2935 136
2936 186
2937 103
2938 194
2939 173
2940 210
2941 197
2942 222
2943 176
2944 100
2945 198
2946 167
2947 182
2948 104
2949 217
2950 154
2951 166
2952 166
2953 172
2954 134
2955 155
2956 178
2957 144
2958 197
2959 154
2960 126
2961 146
2962 108
2963 215
2964 155
2965 197
2966 224
2967 224
2968 163
2969 112
2970 168
2971 172
2972 193
2973 122
2974 214
2975 182
2976 192
2977 174
2978 179
2979 185
2980 157
2981 171
2982 172
2983 186
2984 123
2985 135
2986 136
2987 103
2988 165
2989 165
2990 213
2991 217
2992 137
2993 143
2994 116
2995 149
2996 205
2997 177
2998 178
2999 198
3000 191
3001 218
3002 172
3003 165
3004 205
3005 145
3006 144
3007 203
3008 133
3009 141
3010 173
3011 124
3012 113
3013 136
3014 128
3015 224
3016 224
3017 110
3018 126
3019 117
3020 111
3021 224
3022 166
3023 174
3024 207
3025 141
3026 172
3027 181
3028 182
3029 203
3030 149
3031 151
3032 182
3033 170
3034 130
3035 191
3036 112
3037 122
3038 149
3039 142
3040 220
3041 215
3042 119
3043 114
3044 107
3045 121
3046 201
3047 207
3048 196
3049 180
3050 121
3051 157
3052 201
3053 201
3054 224
3055 129
3056 164
3057 108
3058 215
3059 148
3060 224
3061 122
3062 149
3063 150
3064 136
3065 205
3066 224
3067 137
3068 120
3069 99
3070 175
3071 179
3072 224
3073 224
3074 152
3075 140
3076 155
3077 188
3078 198
3079 220
3080 103
3081 194
3082 72
3083 197
3084 203
3085 197
3086 138
3087 208
3088 179
3089 169
3090 165
3091 184
3092 149
3093 120
3094 83
3095 174
3096 177
3097 184
3098 192
3099 156
3100 166
3101 164
3102 187
3103 166
3104 224
3105 119
3106 184
3107 128
3108 189
3109 224
3110 182
3111 147
3112 224
3113 166
3114 224
3115 133
3116 133
3117 140
3118 127
3119 113
3120 97
3121 164
3122 103
3123 95
3124 151
3125 126
3126 192
3127 141
3128 224
3129 153
3130 92
3131 130
3132 182
3133 212
3134 163
3135 155
3136 188
3137 186
3138 204
3139 184
3140 184
3141 120
3142 131
3143 168
3144 63
3145 152
3146 123
3147 93
3148 118
3149 130
3150 178
3151 149
3152 205
3153 147
3154 197
3155 161
3156 76
3157 137
3158 146
3159 208
3160 158
3161 148
3162 109
3163 194
3164 122
3165 250
3166 126
3167 129
3168 123
3169 190
3170 119
3171 129
3172 117
3173 106
3174 103
3175 126
3176 160
3177 174
3178 174
3179 140
3180 183
3181 73
3182 96
3183 130
3184 196
3185 164
3186 129
3187 105
3188 205
3189 132
3190 148
3191 93
3192 125
3193 152
3194 200
3195 194
3196 135
3197 118
3198 110
3199 97
3200 124
3201 172
3202 153
3203 111
3204 100
3205 138
3206 93
3207 98
3208 98
3209 175
3210 139
3211 126
3212 148
3213 224
3214 157
3215 127
3216 103
3217 108
3218 196
3219 218
3220 224
3221 157
3222 148
3223 144
3224 112
3225 144
3226 180
3227 158
3228 62
3229 115
3230 150
3231 97
3232 82
3233 153
3234 155
3235 149
3236 186
3237 174
3238 207
3239 184
3240 135
3241 108
3242 102
3243 189
3244 215
3245 221
3246 174
3247 184
3248 148
3249 101
3250 152
3251 143
3252 118
3253 110
3254 134
3255 206
3256 102
3257 124
3258 162
3259 133
3260 125
3261 224
3262 166
3263 201
3264 224
3265 144
3266 124
3267 121
3268 162
3269 224
3270 224
3271 224
3272 197
3273 125
3274 111
3275 125
3276 154
3277 78
3278 116
3279 121
3280 200
3281 96
3282 166
3283 166
3284 144
3285 186
3286 192
3287 199
3288 182
3289 194
3290 144
3291 112
3292 126
3293 144
3294 210
3295 218
3296 201
3297 191
3298 123
3299 142
3300 140
3301 124
3302 110
3303 115
3304 110
3305 118
3306 111
3307 157
3308 126
3309 158
3310 224
3311 178
3312 224
3313 177
3314 177
3315 140
3316 120
3317 121
3318 137
3319 182
3320 209
3321 224
3322 205
3323 127
3324 161
3325 146
3326 109
3327 143
3328 102
3329 101
3330 99
3331 103
3332 165
3333 170
3334 179
3335 211
3336 183
3337 188
3338 172
3339 207
3340 118
3341 124
3342 130
3343 138
3344 199
3345 191
3346 214
3347 194
3348 185
3349 197
3350 212
3351 130
3352 145
3353 105
3354 104
3355 145
3356 122
3357 122
3358 224
3359 143
3360 224
3361 152
3362 145
3363 145
3364 126
3365 96
3366 149
3367 169
3368 158
3369 218
3370 137
3371 187
3372 195
3373 224
3374 206
3375 224
3376 124
3377 111
3378 116
3379 103
3380 133
3381 149
3382 149
3383 213
3384 121
3385 205
3386 127
3387 179
3388 161
3389 115
3390 96
3391 186
3392 168
3393 206
3394 221
3395 201
3396 184
3397 183
3398 207
3399 220
3400 212
3401 99
3402 121
3403 120
3404 130
3405 153
3406 185
3407 214
3408 140
3409 151
3410 125
3411 185
3412 196
3413 141
3414 118
3415 164
3416 135
3417 194
3418 223
3419 224
3420 152
3421 184
3422 213
3423 224
3424 193
3425 224
3426 130
3427 92
3428 127
3429 111
3430 141
3431 151
3432 171
3433 182
3434 161
3435 116
3436 120
3437 148
3438 179
3439 166
3440 125
3441 118
3442 169
3443 204
3444 192
3445 215
3446 190
3447 197
3448 221
3449 221
3450 207
3451 135
3452 117
3453 180
3454 117
3455 141
3456 137
3457 190
3458 130
3459 197
3460 111
3461 135
3462 113
3463 123
3464 155
3465 138
3466 151
3467 151
3468 224
3469 122
3470 204
3471 224
3472 216
3473 224
3474 220
3475 189
3476 124
3477 128
3478 205
3479 138
3480 167
3481 133
3482 186
3483 144
3484 212
3485 123
3486 137
3487 141
3488 121
3489 119
3490 137
3491 190
3492 123
3493 210
3494 189
3495 220
3496 224
3497 183
3498 216
3499 223
3500 210
3501 128
3502 152
3503 186
3504 141
3505 154
3506 142
3507 148
3508 166
3509 224
3510 224
3511 141
3512 157
3513 151
3514 136
3515 135
3516 161
3517 105
3518 211
3519 222
3520 224
3521 218
3522 148
3523 205
3524 224
3525 223
3526 137
3527 141
3528 136
3529 161
3530 133
3531 132
3532 183
3533 201
3534 222
3535 146
3536 165
3537 195
3538 179
3539 148
3540 135
3541 157
3542 144
3543 210
3544 218
3545 220
3546 213
3547 170
3548 187
3549 174
3550 218
3551 133
3552 134
3553 134
3554 121
3555 184
3556 123
3557 181
3558 224
3559 224
3560 110
3561 172
3562 224
3563 215
3564 133
3565 124
3566 110
3567 182
3568 224
3569 217
3570 224
3571 218
3572 177
3573 241
3574 89
3575 224
3576 118
3577 137
3578 137
3579 88
3580 189
3581 162
3582 186
3583 220
3584 221
3585 139
3586 203
3587 215
3588 215
3589 107
3590 121
3591 101
3592 194
3593 199
3594 164
3595 223
3596 221
3597 214
3598 214
3599 156
3600 222
3601 139
3602 142
3603 146
3604 133
3605 154
3606 224
3607 173
3608 224
3609 212
3610 165
3611 224
3612 224
3613 224
3614 104
3615 122
3616 122
3617 166
3618 172
3619 105
3620 224
3621 224
3622 224
3623 224
3624 174
3625 224
3626 133
3627 161
3628 136
3629 161
3630 190
3631 160
3632 195
3633 212
3634 207
3635 223
3636 220
3637 222
3638 122
3639 110
3640 203
3641 183
3642 152
3643 184
3644 222
3645 214
3646 218
3647 224
3648 210
3649 199
3650 111
3651 142
3652 125
3653 148
3654 140
3655 160
3656 144
3657 163
3658 167
3659 221
3660 224
3661 222
3662 206
3663 210
3664 131
3665 131
3666 224
3667 215
3668 132
3669 213
3670 221
3671 180
3672 224
3673 224
3674 224
3675 192
3676 131
3677 111
3678 120
3679 132
3680 164
3681 161
3682 173
3683 160
3684 221
3685 195
3686 224
3687 218
3688 195
3689 128
3690 123
3691 218
3692 222
3693 156
3694 220
3695 224
3696 153
3697 173
3698 206
3699 205
3700 205
3701 128
3702 146
3703 134
3704 130
3705 137
3706 143
3707 159
3708 159
3709 224
3710 122
3711 224
3712 220
3713 180
3714 125
3715 148
3716 224
3717 224
3718 130
3719 224
3720 224
3721 109
3722 113
3723 222
3724 204
3725 206
3726 100
3727 182
3728 164
3729 133
3730 165
3731 167
3732 140
3733 167
3734 220
3735 177
3736 223
3737 224
3738 186
3739 173
3740 155
3741 205
3742 192
3743 182
3744 209
3745 197
3746 171
3747 148
3748 210
3749 215
3750 195
