SI: 25 150
1 35
2 32
3 33
4 32
5 33
6 34
7 34
8 34
9 35
10 35
11 34
12 35
13 33
14 33
15 33
16 34
17 36
18 34
19 35
20 34
21 33
22 35
23 34
24 35
25 37
26 35
27 32
28 33
29 33
30 33
31 33
32 33
33 33
34 34
35 35
36 33
37 34
38 32
39 34
40 33
41 33
42 35
43 34
44 34
45 34
46 33
47 34
48 34
49 34
50 35
51 35
52 33
53 34
54 33
55 34
56 33
57 34
58 36
59 34
60 34
61 34
62 33
63 32
64 33
65 33
66 33
67 34
68 34
69 33
70 33
71 34
72 33
73 34
74 35
75 33
76 35
77 33
78 35
79 33
80 34
81 33
82 34
83 35
84 33
85 33
86 34
87 34
88 33
89 32
90 33
91 33
92 34
93 34
94 33
95 33
96 33
97 34
98 35
99 35
100 33
101 34
102 34
103 34
104 34
105 34
106 32
107 33
108 33
109 32
110 33
111 34
112 34
113 34
114 33
115 34
116 33
117 34
118 33
119 33
120 33
121 33
122 33
123 37
124 35
125 33
126 35
127 34
128 34
129 34
130 36
131 33
132 33
133 33
134 31
135 34
136 33
137 35
138 34
139 34
140 35
141 33
142 34
143 32
144 33
145 33
146 33
147 32
148 39
149 34
150 33
151 36
152 34
153 34
154 34
155 35
156 34
157 34
158 33
159 32
160 34
161 32
162 34
163 33
164 34
165 35
166 33
167 33
168 32
169 32
170 34
171 33
172 32
173 34
174 33
175 32
176 36
177 34
178 34
179 33
180 33
181 34
182 34
183 33
184 33
185 34
186 33
187 34
188 33
189 34
190 34
191 33
192 32
193 33
194 33
195 33
196 32
197 33
198 34
199 33
200 32
201 36
202 33
203 34
204 33
205 33
206 34
207 34
208 34
209 33
210 33
211 33
212 34
213 33
214 34
215 33
216 32
217 32
218 33
219 33
220 33
221 32
222 34
223 33
224 33
225 32
226 33
227 35
228 32
229 33
230 34
231 34
232 34
233 34
234 33
235 34
236 34
237 34
238 33
239 33
240 32
241 33
242 32
243 32
244 33
245 33
246 34
247 32
248 32
249 32
250 32
251 35
252 33
253 35
254 33
255 34
256 34
257 33
258 33
259 33
260 33
261 34
262 33
263 34
264 33
265 32
266 32
267 32
268 32
269 32
270 32
271 33
272 33
273 31
274 31
275 32
276 34
277 34
278 33
279 32
280 35
281 33
282 33
283 33
284 33
285 32
286 34
287 32
288 33
289 33
290 31
291 32
292 32
293 32
294 32
295 32
296 33
297 32
298 31
299 32
300 32
301 35
302 34
303 32
304 33
305 34
306 32
307 34
308 33
309 33
310 33
311 34
312 32
313 32
314 33
315 32
316 32
317 32
318 33
319 33
320 33
321 33
322 32
323 30
324 33
325 33
326 36
327 35
328 34
329 34
330 34
331 33
332 35
333 34
334 33
335 33
336 35
337 32
338 33
339 34
340 33
341 31
342 32
343 32
344 33
345 33
346 33
347 31
348 31
349 32
350 33
351 38
352 36
353 35
354 34
355 33
356 34
357 34
358 33
359 34
360 33
361 34
362 32
363 33
364 34
365 32
366 32
367 32
368 32
369 32
370 32
371 32
372 31
373 32
374 31
375 32
376 37
377 36
378 36
379 34
380 33
381 35
382 34
383 33
384 34
385 33
386 33
387 33
388 32
389 33
390 32
391 33
392 32
393 32
394 32
395 32
396 32
397 31
398 31
399 31
400 32
401 36
402 35
403 34
404 35
405 33
406 35
407 35
408 33
409 33
410 32
411 33
412 34
413 32
414 32
415 32
416 32
417 33
418 33
419 32
420 32
421 33
422 32
423 30
424 32
425 32
426 36
427 35
428 35
429 35
430 35
431 34
432 35
433 34
434 33
435 31
436 34
437 34
438 33
439 33
440 33
441 33
442 33
443 33
444 33
445 32
446 33
447 32
448 31
449 31
450 31
451 36
452 35
453 35
454 35
455 34
456 35
457 35
458 34
459 32
460 34
461 34
462 33
463 33
464 32
465 32
466 32
467 32
468 34
469 31
470 31
471 32
472 32
473 31
474 31
475 32
476 36
477 36
478 35
479 34
480 35
481 34
482 33
483 35
484 35
485 34
486 38
487 35
488 32
489 34
490 34
491 33
492 33
493 33
494 33
495 31
496 31
497 33
498 31
499 31
500 32
501 37
502 35
503 35
504 36
505 35
506 35
507 33
508 35
509 35
510 35
511 34
512 35
513 32
514 34
515 33
516 32
517 34
518 33
519 33
520 30
521 32
522 33
523 31
524 31
525 32
526 37
527 35
528 35
529 37
530 36
531 34
532 35
533 35
534 35
535 35
536 34
537 34
538 33
539 33
540 34
541 32
542 34
543 32
544 33
545 31
546 33
547 32
548 32
549 32
550 31
551 37
552 36
553 35
554 36
555 37
556 35
557 35
558 36
559 36
560 36
561 34
562 33
563 35
564 33
565 33
566 33
567 33
568 33
569 33
570 32
571 32
572 31
573 32
574 32
575 31
576 40
577 36
578 35
579 35
580 37
581 35
582 35
583 37
584 35
585 36
586 33
587 33
588 35
589 33
590 34
591 33
592 34
593 33
594 33
595 32
596 32
597 31
598 31
599 32
600 31
601 35
602 35
603 36
604 35
605 37
606 35
607 34
608 37
609 34
610 35
611 34
612 33
613 34
614 33
615 34
616 33
617 33
618 33
619 32
620 32
621 33
622 31
623 31
624 32
625 31
626 37
627 35
628 36
629 35
630 37
631 36
632 36
633 36
634 36
635 35
636 34
637 34
638 33
639 33
640 34
641 33
642 33
643 33
644 33
645 32
646 33
647 31
648 29
649 32
650 32
651 38
652 37
653 37
654 36
655 37
656 37
657 36
658 36
659 38
660 35
661 35
662 35
663 33
664 34
665 34
666 33
667 34
668 33
669 34
670 33
671 33
672 32
673 30
674 32
675 32
676 38
677 38
678 37
679 36
680 37
681 36
682 36
683 37
684 37
685 36
686 36
687 36
688 34
689 33
690 34
691 33
692 35
693 33
694 34
695 34
696 33
697 32
698 31
699 31
700 32
701 38
702 38
703 36
704 36
705 37
706 36
707 36
708 36
709 35
710 37
711 37
712 36
713 34
714 33
715 34
716 33
717 35
718 33
719 33
720 34
721 33
722 32
723 32
724 30
725 31
726 38
727 36
728 36
729 37
730 37
731 37
732 36
733 35
734 36
735 36
736 36
737 34
738 34
739 33
740 32
741 35
742 33
743 32
744 34
745 33
746 31
747 32
748 29
749 31
750 30
751 38
752 38
753 37
754 37
755 37
756 38
757 36
758 36
759 36
760 36
761 36
762 35
763 34
764 35
765 34
766 33
767 34
768 33
769 33
770 34
771 33
772 32
773 33
774 31
775 31
776 39
777 38
778 38
779 37
780 38
781 39
782 37
783 38
784 37
785 37
786 36
787 36
788 35
789 35
790 36
791 34
792 34
793 33
794 34
795 35
796 33
797 33
798 34
799 31
800 31
801 39
802 38
803 38
804 37
805 38
806 38
807 39
808 39
809 37
810 38
811 37
812 37
813 35
814 35
815 37
816 34
817 34
818 35
819 35
820 35
821 33
822 34
823 34
824 31
825 32
826 39
827 38
828 38
829 37
830 39
831 38
832 40
833 39
834 38
835 38
836 38
837 38
838 36
839 35
840 37
841 34
842 35
843 35
844 35
845 33
846 34
847 33
848 33
849 32
850 33
851 39
852 38
853 38
854 39
855 38
856 39
857 39
858 38
859 39
860 38
861 38
862 38
863 37
864 36
865 36
866 35
867 36
868 34
869 35
870 33
871 34
872 32
873 32
874 32
875 32
876 39
877 39
878 39
879 39
880 39
881 40
882 38
883 37
884 39
885 39
886 39
887 38
888 37
889 36
890 35
891 36
892 35
893 34
894 34
895 34
896 34
897 33
898 33
899 32
900 33
901 39
902 40
903 39
904 39
905 39
906 40
907 38
908 38
909 38
910 40
911 39
912 39
913 38
914 36
915 36
916 36
917 35
918 35
919 34
920 34
921 35
922 34
923 34
924 32
925 33
926 39
927 39
928 39
929 39
930 39
931 39
932 40
933 38
934 38
935 39
936 39
937 40
938 40
939 36
940 37
941 37
942 36
943 36
944 35
945 34
946 35
947 35
948 34
949 33
950 33
951 40
952 39
953 40
954 40
955 39
956 40
957 39
958 38
959 39
960 39
961 40
962 40
963 38
964 38
965 36
966 38
967 38
968 38
969 35
970 34
971 34
972 34
973 34
974 33
975 33
976 43
977 40
978 39
979 41
980 41
981 39
982 40
983 39
984 39
985 40
986 39
987 38
988 40
989 40
990 40
991 37
992 38
993 39
994 39
995 36
996 33
997 33
998 35
999 35
1000 33
1001 40
1002 40
1003 40
1004 42
1005 41
1006 40
1007 40
1008 39
1009 39
1010 39
1011 39
1012 39
1013 39
1014 39
1015 38
1016 37
1017 37
1018 39
1019 40
1020 37
1021 34
1022 33
1023 35
1024 35
1025 34
1026 40
1027 40
1028 41
1029 42
1030 42
1031 40
1032 40
1033 40
1034 38
1035 38
1036 39
1037 40
1038 39
1039 37
1040 38
1041 39
1042 39
1043 39
1044 41
1045 39
1046 36
1047 35
1048 37
1049 36
1050 35
1051 42
1052 42
1053 41
1054 42
1055 42
1056 40
1057 40
1058 40
1059 38
1060 38
1061 39
1062 41
1063 39
1064 37
1065 38
1066 38
1067 39
1068 39
1069 40
1070 40
1071 37
1072 36
1073 38
1074 35
1075 35
1076 42
1077 43
1078 42
1079 41
1080 42
1081 41
1082 41
1083 40
1084 39
1085 38
1086 39
1087 41
1088 38
1089 39
1090 39
1091 38
1092 39
1093 39
1094 39
1095 41
1096 41
1097 36
1098 38
1099 35
1100 35
1101 44
1102 43
1103 42
1104 41
1105 42
1106 40
1107 40
1108 40
1109 40
1110 39
1111 40
1112 41
1113 38
1114 41
1115 40
1116 39
1117 39
1118 39
1119 39
1120 40
1121 38
1122 35
1123 37
1124 35
1125 34
1126 44
1127 42
1128 42
1129 42
1130 42
1131 41
1132 40
1133 41
1134 41
1135 40
1136 40
1137 40
1138 38
1139 46
1140 40
1141 39
1142 39
1143 39
1144 39
1145 39
1146 38
1147 37
1148 37
1149 36
1150 34
1151 45
1152 41
1153 43
1154 42
1155 41
1156 42
1157 41
1158 42
1159 41
1160 39
1161 40
1162 41
1163 38
1164 39
1165 40
1166 39
1167 39
1168 40
1169 38
1170 39
1171 38
1172 38
1173 38
1174 37
1175 34
1176 47
1177 43
1178 44
1179 43
1180 42
1181 42
1182 42
1183 42
1184 41
1185 39
1186 40
1187 40
1188 39
1189 40
1190 39
1191 39
1192 40
1193 38
1194 37
1195 37
1196 38
1197 38
1198 38
1199 38
1200 35
1201 50
1202 46
1203 46
1204 46
1205 45
1206 42
1207 42
1208 42
1209 42
1210 40
1211 40
1212 40
1213 40
1214 40
1215 39
1216 39
1217 40
1218 39
1219 37
1220 37
1221 37
1222 39
1223 38
1224 38
1225 36
1226 49
1227 50
1228 48
1229 46
1230 43
1231 43
1232 42
1233 42
1234 42
1235 42
1236 40
1237 41
1238 40
1239 40
1240 39
1241 41
1242 41
1243 38
1244 38
1245 37
1246 38
1247 38
1248 37
1249 36
1250 35
1251 60
1252 55
1253 55
1254 50
1255 48
1256 45
1257 43
1258 42
1259 42
1260 44
1261 42
1262 41
1263 42
1264 40
1265 41
1266 39
1267 41
1268 41
1269 39
1270 39
1271 37
1272 37
1273 37
1274 37
1275 36
1276 64
1277 58
1278 63
1279 55
1280 51
1281 48
1282 46
1283 44
1284 46
1285 45
1286 42
1287 42
1288 41
1289 41
1290 41
1291 40
1292 41
1293 41
1294 41
1295 40
1296 38
1297 38
1298 37
1299 38
1300 37
1301 67
1302 71
1303 71
1304 60
1305 59
1306 54
1307 49
1308 47
1309 52
1310 48
1311 43
1312 42
1313 41
1314 40
1315 41
1316 40
1317 40
1318 41
1319 39
1320 40
1321 39
1322 37
1323 38
1324 38
1325 37
1326 76
1327 80
1328 78
1329 67
1330 68
1331 60
1332 52
1333 45
1334 61
1335 53
1336 44
1337 44
1338 43
1339 41
1340 42
1341 41
1342 41
1343 41
1344 40
1345 40
1346 40
1347 37
1348 40
1349 37
1350 36
1351 78
1352 82
1353 86
1354 75
1355 73
1356 66
1357 58
1358 55
1359 75
1360 50
1361 45
1362 45
1363 45
1364 41
1365 43
1366 43
1367 42
1368 41
1369 41
1370 40
1371 40
1372 38
1373 41
1374 37
1375 37
1376 72
1377 83
1378 100
1379 79
1380 79
1381 72
1382 65
1383 55
1384 87
1385 48
1386 44
1387 46
1388 46
1389 42
1390 44
1391 44
1392 43
1393 42
1394 40
1395 40
1396 40
1397 39
1398 41
1399 38
1400 38
1401 78
1402 80
1403 96
1404 82
1405 84
1406 76
1407 70
1408 67
1409 82
1410 65
1411 56
1412 48
1413 47
1414 44
1415 46
1416 44
1417 43
1418 42
1419 40
1420 40
1421 40
1422 40
1423 40
1424 39
1425 39
1426 85
1427 59
1428 89
1429 86
1430 86
1431 78
1432 72
1433 69
1434 78
1435 66
1436 73
1437 51
1438 49
1439 46
1440 46
1441 44
1442 44
1443 44
1444 42
1445 40
1446 40
1447 41
1448 40
1449 39
1450 39
1451 97
1452 90
1453 89
1454 91
1455 89
1456 78
1457 73
1458 72
1459 74
1460 69
1461 69
1462 56
1463 54
1464 50
1465 47
1466 47
1467 47
1468 44
1469 43
1470 42
1471 41
1472 41
1473 41
1474 40
1475 39
1476 109
1477 97
1478 84
1479 94
1480 96
1481 76
1482 70
1483 72
1484 71
1485 70
1486 78
1487 62
1488 59
1489 55
1490 50
1491 49
1492 50
1493 47
1494 43
1495 43
1496 41
1497 41
1498 42
1499 41
1500 40
1501 121
1502 100
1503 93
1504 93
1505 92
1506 75
1507 71
1508 72
1509 69
1510 68
1511 74
1512 67
1513 64
1514 61
1515 56
1516 54
1517 55
1518 48
1519 44
1520 43
1521 42
1522 41
1523 41
1524 41
1525 40
1526 132
1527 118
1528 98
1529 85
1530 91
1531 91
1532 73
1533 73
1534 69
1535 68
1536 75
1537 70
1538 66
1539 67
1540 63
1541 60
1542 57
1543 47
1544 46
1545 45
1546 44
1547 42
1548 42
1549 41
1550 39
1551 142
1552 155
1553 114
1554 109
1555 96
1556 77
1557 75
1558 77
1559 73
1560 70
1561 76
1562 72
1563 66
1564 69
1565 66
1566 63
1567 111
1568 73
1569 49
1570 48
1571 46
1572 44
1573 43
1574 41
1575 39
1576 158
1577 185
1578 133
1579 121
1580 98
1581 80
1582 69
1583 79
1584 76
1585 70
1586 75
1587 74
1588 69
1589 70
1590 69
1591 64
1592 150
1593 98
1594 98
1595 52
1596 46
1597 46
1598 44
1599 41
1600 40
1601 129
1602 159
1603 138
1604 142
1605 120
1606 108
1607 82
1608 82
1609 77
1610 77
1611 77
1612 76
1613 73
1614 71
1615 71
1616 66
1617 72
1618 137
1619 62
1620 62
1621 49
1622 49
1623 44
1624 41
1625 42
1626 111
1627 122
1628 134
1629 169
1630 143
1631 130
1632 106
1633 82
1634 87
1635 89
1636 81
1637 81
1638 76
1639 71
1640 73
1641 70
1642 0
1643 149
1644 71
1645 82
1646 55
1647 54
1648 46
1649 43
1650 42
1651 111
1652 116
1653 167
1654 156
1655 148
1656 139
1657 120
1658 108
1659 117
1660 102
1661 88
1662 81
1663 74
1664 75
1665 75
1666 74
1667 78
1668 70
1669 75
1670 105
1671 69
1672 63
1673 50
1674 46
1675 42
1676 88
1677 111
1678 187
1679 155
1680 155
1681 147
1682 128
1683 137
1684 157
1685 112
1686 98
1687 81
1688 69
1689 78
1690 76
1691 76
1692 78
1693 40
1694 77
1695 151
1696 64
1697 54
1698 57
1699 49
1700 49
1701 132
1702 141
1703 159
1704 139
1705 141
1706 130
1707 122
1708 177
1709 199
1710 129
1711 115
1712 97
1713 91
1714 83
1715 77
1716 72
1717 79
1718 78
1719 78
1720 86
1721 69
1722 63
1723 63
1724 55
1725 47
1726 170
1727 129
1728 177
1729 169
1730 145
1731 166
1732 125
1733 185
1734 207
1735 146
1736 133
1737 112
1738 108
1739 82
1740 90
1741 60
1742 82
1743 82
1744 79
1745 62
1746 102
1747 89
1748 73
1749 64
1750 52
1751 224
1752 148
1753 149
1754 151
1755 156
1756 190
1757 163
1758 165
1759 210
1760 125
1761 123
1762 137
1763 136
1764 104
1765 108
1766 83
1767 90
1768 78
1769 79
1770 79
1771 94
1772 113
1773 108
1774 72
1775 66
1776 135
1777 126
1778 168
1779 178
1780 204
1781 120
1782 176
1783 181
1784 86
1785 103
1786 159
1787 175
1788 136
1789 130
1790 88
1791 92
1792 88
1793 71
1794 71
1795 76
1796 108
1797 126
1798 76
1799 78
1800 66
1801 112
1802 121
1803 117
1804 189
1805 207
1806 224
1807 114
1808 128
1809 112
1810 107
1811 125
1812 148
1813 209
1814 164
1815 152
1816 135
1817 114
1818 101
1819 79
1820 85
1821 70
1822 69
1823 104
1824 78
1825 104
1826 120
1827 116
1828 75
1829 201
1830 197
1831 211
1832 140
1833 164
1834 129
1835 129
1836 167
1837 121
1838 210
1839 210
1840 169
1841 186
1842 130
1843 116
1844 87
1845 88
1846 84
1847 49
1848 90
1849 78
1850 114
1851 141
1852 147
1853 98
1854 224
1855 190
1856 201
1857 157
1858 158
1859 185
1860 173
1861 161
1862 114
1863 224
1864 224
1865 140
1866 224
1867 132
1868 151
1869 120
1870 87
1871 91
1872 80
1873 88
1874 77
1875 85
1876 138
1877 171
1878 171
1879 206
1880 186
1881 195
1882 157
1883 148
1884 197
1885 211
1886 186
1887 169
1888 189
1889 180
1890 151
1891 193
1892 110
1893 179
1894 159
1895 100
1896 102
1897 96
1898 96
1899 76
1900 69
1901 144
1902 133
1903 139
1904 204
1905 207
1906 182
1907 163
1908 158
1909 220
1910 212
1911 220
1912 218
1913 145
1914 172
1915 212
1916 177
1917 116
1918 178
1919 195
1920 130
1921 139
1922 117
1923 118
1924 91
1925 120
1926 139
1927 95
1928 144
1929 177
1930 205
1931 175
1932 195
1933 186
1934 185
1935 184
1936 202
1937 200
1938 177
1939 183
1940 180
1941 180
1942 105
1943 164
1944 177
1945 126
1946 161
1947 169
1948 154
1949 121
1950 158
1951 112
1952 143
1953 157
1954 224
1955 192
1956 209
1957 169
1958 109
1959 205
1960 172
1961 145
1962 216
1963 161
1964 111
1965 155
1966 114
1967 160
1968 128
1969 112
1970 199
1971 197
1972 165
1973 144
1974 138
1975 108
1976 158
1977 122
1978 165
1979 196
1980 220
1981 176
1982 161
1983 166
1984 48
1985 212
1986 181
1987 88
1988 206
1989 161
1990 161
1991 203
1992 162
1993 177
1994 123
1995 75
1996 204
1997 117
1998 161
1999 113
2000 124
2001 106
2002 151
2003 130
2004 224
2005 224
2006 141
2007 126
2008 167
2009 115
2010 224
2011 158
2012 110
2013 188
2014 183
2015 151
2016 224
2017 168
2018 130
2019 111
2020 93
2021 130
2022 69
2023 118
2024 82
2025 114
2026 99
2027 182
2028 108
2029 201
2030 210
2031 151
2032 166
2033 166
2034 121
2035 191
2036 161
2037 119
2038 140
2039 179
2040 188
2041 180
2042 156
2043 100
2044 91
2045 95
2046 72
2047 77
2048 69
2049 73
2050 97
2051 127
2052 155
2053 130
2054 181
2055 206
2056 137
2057 163
2058 224
2059 133
2060 88
2061 151
2062 152
2063 123
2064 130
2065 140
2066 100
2067 116
2068 121
2069 104
2070 96
2071 114
2072 96
2073 75
2074 85
2075 81
2076 96
2077 135
2078 110
2079 188
2080 190
2081 113
2082 153
2083 202
2084 164
2085 111
2086 194
2087 178
2088 155
2089 144
2090 164
2091 133
2092 85
2093 128
2094 104
2095 103
2096 103
2097 97
2098 85
2099 84
2100 72
2101 157
2102 135
2103 100
2104 224
2105 161
2106 123
2107 140
2108 157
2109 142
2110 170
2111 224
2112 170
2113 141
2114 186
2115 224
2116 148
2117 111
2118 137
2119 111
2120 111
2121 116
2122 103
2123 93
2124 91
2125 83
2126 184
2127 151
2128 94
2129 213
2130 170
2131 144
2132 172
2133 196
2134 142
2135 203
2136 201
2137 163
2138 131
2139 131
2140 208
2141 155
2142 102
2143 156
2144 126
2145 131
2146 115
2147 105
2148 90
2149 95
2150 83
2151 224
2152 169
2153 98
2154 198
2155 219
2156 149
2157 207
2158 224
2159 119
2160 224
2161 156
2162 174
2163 138
2164 162
2165 184
2166 150
2167 121
2168 120
2169 181
2170 123
2171 153
2172 109
2173 96
2174 100
2175 87
2176 177
2177 153
2178 111
2179 166
2180 192
2181 199
2182 199
2183 188
2184 184
2185 218
2186 125
2187 156
2188 141
2189 174
2190 154
2191 183
2192 120
2193 78
2194 187
2195 168
2196 176
2197 103
2198 108
2199 95
2200 80
2201 150
2202 121
2203 144
2204 172
2205 123
2206 224
2207 224
2208 161
2209 201
2210 224
2211 124
2212 110
2213 154
2214 193
2215 121
2216 224
2217 140
2218 140
2219 153
2220 214
2221 131
2222 111
2223 137
2224 130
2225 93
2226 80
2227 166
2228 187
2229 173
2230 201
2231 201
2232 175
2233 207
2234 212
2235 164
2236 104
2237 143
2238 184
2239 111
2240 212
2241 174
2242 206
2243 149
2244 222
2245 193
2246 103
2247 166
2248 155
2249 95
2250 111
2251 146
2252 115
2253 152
2254 194
2255 224
2256 184
2257 167
2258 155
2259 224
2260 172
2261 185
2262 155
2263 136
2264 180
2265 102
2266 224
2267 151
2268 224
2269 121
2270 224
2271 224
2272 118
2273 140
2274 123
2275 126
2276 123
2277 138
2278 150
2279 163
2280 222
2281 213
2282 182
2283 180
2284 215
2285 182
2286 215
2287 196
2288 164
2289 206
2290 71
2291 211
2292 211
2293 219
2294 144
2295 210
2296 222
2297 185
2298 97
2299 100
2300 151
2301 146
2302 158
2303 142
2304 148
2305 224
2306 224
2307 179
2308 184
2309 217
2310 175
2311 224
2312 217
2313 153
2314 224
2315 111
2316 208
2317 143
2318 177
2319 152
2320 143
2321 183
2322 142
2323 101
2324 138
2325 153
2326 147
2327 154
2328 162
2329 182
2330 191
2331 216
2332 190
2333 199
2334 203
2335 203
2336 224
2337 211
2338 170
2339 218
2340 181
2341 218
2342 114
2343 140
2344 190
2345 173
2346 124
2347 149
2348 103
2349 195
2350 188
2351 140
2352 167
2353 164
2354 205
2355 164
2356 224
2357 194
2358 213
2359 181
2360 222
2361 224
2362 218
2363 161
2364 195
2365 190
2366 224
2367 127
2368 120
2369 215
2370 219
2371 116
2372 214
2373 132
2374 170
2375 178
2376 147
2377 185
2378 185
2379 207
2380 193
2381 202
2382 195
2383 197
2384 187
2385 186
2386 190
2387 195
2388 192
2389 215
2390 198
2391 224
2392 200
2393 140
2394 179
2395 205
2396 106
2397 179
2398 179
2399 93
2400 160
2401 141
2402 182
2403 137
2404 224
2405 192
2406 131
2407 144
2408 194
2409 215
2410 181
2411 158
2412 194
2413 224
2414 224
2415 184
2416 224
2417 224
2418 163
2419 145
2420 178
2421 110
2422 154
2423 142
2424 101
2425 93
2426 104
2427 159
2428 151
2429 205
2430 182
2431 132
2432 143
2433 177
2434 170
2435 183
2436 184
2437 212
2438 223
2439 213
2440 182
2441 182
2442 185
2443 210
2444 168
2445 166
2446 110
2447 201
2448 164
2449 109
2450 161
2451 134
2452 140
2453 213
2454 138
2455 147
2456 130
2457 161
2458 116
2459 185
2460 196
2461 224
2462 224
2463 179
2464 140
2465 224
2466 115
2467 224
2468 124
2469 172
2470 145
2471 224
2472 127
2473 167
2474 224
2475 144
2476 76
2477 144
2478 120
2479 214
2480 197
2481 168
2482 103
2483 187
2484 182
2485 205
2486 204
2487 218
2488 219
2489 169
2490 169
2491 221
2492 124
2493 206
2494 168
2495 152
2496 200
2497 197
2498 84
2499 178
2500 217
2501 102
2502 164
2503 141
2504 224
2505 224
2506 189
2507 123
2508 182
2509 212
2510 220
2511 192
2512 224
2513 224
2514 127
2515 155
2516 224
2517 163
2518 147
2519 189
2520 104
2521 224
2522 146
2523 125
2524 138
2525 141
2526 129
2527 148
2528 130
2529 201
2530 199
2531 161
2532 189
2533 189
2534 220
2535 218
2536 188
2537 208
2538 212
2539 116
2540 167
2541 182
2542 179
2543 112
2544 190
2545 78
2546 224
2547 111
2548 121
2549 191
2550 161
2551 186
2552 109
2553 133
2554 170
2555 168
2556 154
2557 179
2558 131
2559 223
2560 222
2561 164
2562 180
2563 224
2564 121
2565 224
2566 116
2567 186
2568 112
2569 224
2570 121
2571 224
2572 129
2573 119
2574 224
2575 196
2576 172
2577 132
2578 143
2579 194
2580 187
2581 179
2582 207
2583 182
2584 222
2585 224
2586 211
2587 188
2588 222
2589 140
2590 195
2591 99
2592 202
2593 105
2594 199
2595 158
2596 190
2597 149
2598 123
2599 206
2600 187
2601 224
2602 167
2603 159
2604 199
2605 176
2606 188
2607 224
2608 134
2609 223
2610 224
2611 224
2612 158
2613 224
2614 156
2615 110
2616 99
2617 224
2618 106
2619 166
2620 165
2621 187
2622 156
2623 147
2624 146
2625 157
2626 194
2627 184
2628 184
2629 207
2630 199
2631 177
2632 221
2633 190
2634 222
2635 218
2636 222
2637 195
2638 190
2639 190
2640 104
2641 91
2642 201
2643 118
2644 140
2645 171
2646 206
2647 181
2648 142
2649 124
2650 140
2651 179
2652 161
2653 158
2654 224
2655 200
2656 174
2657 224
2658 205
2659 220
2660 217
2661 224
2662 192
2663 118
2664 174
2665 122
2666 118
2667 188
2668 124
2669 120
2670 121
2671 224
2672 159
2673 108
2674 111
2675 172
2676 185
2677 188
2678 133
2679 199
2680 178
2681 174
2682 174
2683 210
2684 220
2685 181
2686 199
2687 183
2688 161
2689 129
2690 107
2691 130
2692 212
2693 201
2694 152
2695 119
2696 203
2697 163
2698 92
2699 127
2700 197
2701 180
2702 211
2703 112
2704 177
2705 153
2706 176
2707 203
2708 222
2709 220
2710 85
2711 169
2712 135
2713 149
2714 148
2715 125
2716 159
2717 224
2718 224
2719 123
2720 115
2721 216
2722 156
2723 138
2724 132
2725 130
2726 212
2727 152
2728 171
2729 127
2730 182
2731 190
2732 214
2733 222
2734 164
2735 186
2736 169
2737 178
2738 177
2739 129
2740 211
2741 203
2742 200
2743 172
2744 119
2745 217
2746 138
2747 174
2748 133
2749 95
2750 125
2751 148
2752 224
2753 200
2754 150
2755 115
2756 184
2757 169
2758 224
2759 224
2760 194
2761 156
2762 166
2763 130
2764 120
2765 130
2766 224
2767 137
2768 106
2769 205
2770 94
2771 224
2772 107
2773 168
2774 123
2775 137
2776 186
2777 213
2778 194
2779 156
2780 130
2781 175
2782 190
2783 224
2784 189
2785 200
2786 127
2787 168
2788 184
2789 90
2790 100
2791 195
2792 195
2793 81
2794 207
2795 125
2796 203
2797 109
2798 151
2799 113
2800 165
2801 224
2802 220
2803 144
2804 164
2805 184
2806 111
2807 210
2808 224
2809 133
2810 220
2811 127
2812 138
2813 224
2814 122
2815 94
2816 150
2817 137
2818 114
2819 174
2820 133
2821 127
2822 155
2823 144
2824 100
2825 182
2826 206
2827 184
2828 99
2829 171
2830 162
2831 108
2832 186
2833 201
2834 121
2835 121
2836 162
2837 177
2838 206
2839 171
2840 117
2841 181
2842 177
2843 147
2844 164
2845 125
2846 103
2847 173
2848 181
2849 77
2850 194
2851 222
2852 163
2853 107
2854 157
2855 135
2856 111
2857 130
2858 152
2859 122
2860 190
2861 168
2862 207
2863 146
2864 195
2865 134
2866 193
2867 159
2868 145
2869 140
2870 169
2871 133
2872 146
2873 156
2874 119
2875 133
2876 194
2877 190
2878 190
2879 131
2880 167
2881 122
2882 112
2883 180
2884 197
2885 195
2886 188
2887 172
2888 135
2889 181
2890 206
2891 183
2892 201
2893 190
2894 103
2895 199
2896 164
2897 159
2898 159
2899 193
2900 121
2901 166
2902 201
2903 132
2904 130
2905 168
2906 172
2907 149
2908 205
2909 211
2910 157
2911 168
2912 100
2913 180
2914 172
2915 224
2916 203
2917 224
2918 205
2919 113
2920 224
2921 186
2922 152
2923 123
2924 224
2925 158
2926 177
2927 186
2928 172
2929 129
2930 157
2931 179
2932 174
2933 184
2934 199
2935 135
2936 169
2937 96
2938 204
2939 172
2940 213
2941 213
2942 218
2943 183
2944 113
2945 192
2946 199
2947 192
2948 142
2949 223
2950 194
2951 151
2952 190
2953 142
2954 143
2955 161
2956 171
2957 117
2958 140
2959 130
2960 140
2961 104
2962 171
2963 108
2964 199
2965 224
2966 160
2967 132
2968 113
2969 121
2970 205
2971 170
2972 151
2973 224
2974 213
2975 142
2976 180
2977 178
2978 179
2979 183
2980 158
2981 162
2982 199
2983 113
2984 130
2985 148
2986 130
2987 98
2988 161
2989 90
2990 90
2991 222
2992 130
2993 124
2994 108
2995 102
2996 209
2997 201
2998 192
2999 204
3000 183
3001 169
3002 185
3003 166
3004 174
3005 144
3006 141
3007 210
3008 137
3009 139
3010 155
3011 138
3012 128
3013 132
3014 103
3015 224
3016 224
3017 124
3018 122
3019 120
3020 125
3021 224
3022 224
3023 203
3024 186
3025 124
3026 155
3027 185
3028 201
3029 204
3030 147
3031 150
3032 161
3033 161
3034 136
3035 194
3036 111
3037 164
3038 121
3039 140
3040 218
3041 215
3042 164
3043 115
3044 96
3045 163
3046 197
3047 199
3048 212
3049 169
3050 142
3051 144
3052 173
3053 224
3054 224
3055 110
3056 166
3057 86
3058 188
3059 188
3060 224
3061 155
3062 199
3063 111
3064 128
3065 186
3066 188
3067 174
3068 129
3069 103
3070 166
3071 170
3072 151
3073 224
3074 140
3075 170
3076 162
3077 185
3078 196
3079 224
3080 114
3081 183
3082 89
3083 206
3084 205
3085 188
3086 178
3087 216
3088 150
3089 194
3090 157
3091 189
3092 144
3093 142
3094 109
3095 144
3096 144
3097 155
3098 197
3099 148
3100 185
3101 170
3102 207
3103 118
3104 224
3105 108
3106 159
3107 157
3108 224
3109 224
3110 129
3111 178
3112 224
3113 124
3114 224
3115 158
3116 224
3117 117
3118 131
3119 155
3120 112
3121 201
3122 114
3123 119
3124 127
3125 147
3126 168
3127 183
3128 129
3129 202
3130 136
3131 90
3132 197
3133 194
3134 207
3135 140
3136 180
3137 174
3138 196
3139 196
3140 178
3141 186
3142 115
3143 102
3144 193
3145 132
3146 149
3147 84
3148 123
3149 101
3150 123
3151 164
3152 178
3153 197
3154 146
3155 144
3156 87
3157 165
3158 146
3159 186
3160 108
3161 121
3162 106
3163 224
3164 148
3165 176
3166 112
3167 137
3168 133
3169 192
3170 164
3171 148
3172 120
3173 140
3174 114
3175 122
3176 169
3177 168
3178 178
3179 116
3180 154
3181 75
3182 75
3183 168
3184 179
3185 137
3186 117
3187 121
3188 202
3189 169
3190 138
3191 94
3192 120
3193 196
3194 201
3195 218
3196 172
3197 137
3198 154
3199 111
3200 137
3201 166
3202 151
3203 85
3204 118
3205 130
3206 94
3207 105
3208 130
3209 120
3210 182
3211 165
3212 171
3213 192
3214 151
3215 137
3216 111
3217 113
3218 224
3219 224
3220 224
3221 152
3222 147
3223 151
3224 119
3225 155
3226 107
3227 61
3228 142
3229 155
3230 95
3231 127
3232 166
3233 129
3234 182
3235 205
3236 194
3237 191
3238 182
3239 158
3240 111
3241 116
3242 195
3243 212
3244 220
3245 190
3246 185
3247 151
3248 109
3249 171
3250 179
3251 129
3252 91
3253 124
3254 125
3255 131
3256 93
3257 138
3258 224
3259 155
3260 146
3261 224
3262 209
3263 184
3264 220
3265 151
3266 115
3267 139
3268 142
3269 224
3270 220
3271 224
3272 212
3273 144
3274 128
3275 148
3276 102
3277 80
3278 125
3279 112
3280 110
3281 98
3282 167
3283 187
3284 164
3285 203
3286 196
3287 204
3288 177
3289 209
3290 144
3291 111
3292 239
3293 140
3294 204
3295 224
3296 224
3297 193
3298 144
3299 169
3300 192
3301 119
3302 138
3303 103
3304 120
3305 126
3306 112
3307 146
3308 150
3309 143
3310 224
3311 190
3312 220
3313 194
3314 224
3315 142
3316 121
3317 127
3318 136
3319 166
3320 208
3321 217
3322 179
3323 147
3324 158
3325 224
3326 121
3327 170
3328 89
3329 120
3330 144
3331 113
3332 158
3333 197
3334 131
3335 131
3336 183
3337 185
3338 177
3339 193
3340 166
3341 158
3342 144
3343 179
3344 214
3345 200
3346 215
3347 181
3348 179
3349 207
3350 224
3351 126
3352 126
3353 111
3354 117
3355 155
3356 157
3357 158
3358 224
3359 116
3360 224
3361 149
3362 173
3363 147
3364 105
3365 122
3366 224
3367 172
3368 194
3369 224
3370 195
3371 224
3372 178
3373 169
3374 224
3375 222
3376 112
3377 91
3378 123
3379 109
3380 144
3381 169
3382 178
3383 198
3384 127
3385 192
3386 140
3387 185
3388 166
3389 126
3390 108
3391 204
3392 182
3393 215
3394 224
3395 218
3396 194
3397 189
3398 189
3399 220
3400 220
3401 121
3402 101
3403 129
3404 113
3405 152
3406 112
3407 174
3408 149
3409 156
3410 111
3411 133
3412 161
3413 154
3414 180
3415 127
3416 140
3417 169
3418 222
3419 214
3420 224
3421 176
3422 205
3423 224
3424 220
3425 219
3426 131
3427 102
3428 144
3429 107
3430 182
3431 106
3432 193
3433 148
3434 186
3435 107
3436 126
3437 138
3438 151
3439 190
3440 148
3441 148
3442 164
3443 215
3444 199
3445 219
3446 217
3447 212
3448 224
3449 223
3450 218
3451 112
3452 195
3453 140
3454 182
3455 144
3456 224
3457 149
3458 200
3459 132
3460 137
3461 138
3462 158
3463 144
3464 166
3465 124
3466 121
3467 224
3468 174
3469 224
3470 224
3471 224
3472 224
3473 224
3474 223
3475 136
3476 123
3477 121
3478 199
3479 141
3480 179
3481 167
3482 197
3483 179
3484 213
3485 184
3486 139
3487 173
3488 177
3489 119
3490 119
3491 186
3492 133
3493 215
3494 209
3495 224
3496 220
3497 201
3498 203
3499 197
3500 224
3501 117
3502 140
3503 137
3504 113
3505 134
3506 142
3507 183
3508 179
3509 224
3510 171
3511 133
3512 186
3513 207
3514 122
3515 112
3516 111
3517 121
3518 224
3519 224
3520 223
3521 212
3522 177
3523 175
3524 119
3525 223
3526 107
3527 151
3528 110
3529 106
3530 162
3531 140
3532 193
3533 193
3534 224
3535 161
3536 183
3537 215
3538 209
3539 134
3540 113
3541 95
3542 188
3543 222
3544 212
3545 220
3546 217
3547 207
3548 196
3549 129
3550 221
3551 120
3552 162
3553 137
3554 109
3555 224
3556 151
3557 179
3558 224
3559 220
3560 134
3561 211
3562 224
3563 224
3564 123
3565 137
3566 107
3567 224
3568 224
3569 161
3570 223
3571 217
3572 224
3573 224
3574 121
3575 222
3576 123
3577 157
3578 155
3579 116
3580 195
3581 197
3582 181
3583 205
3584 215
3585 192
3586 216
3587 217
3588 220
3589 113
3590 138
3591 138
3592 197
3593 201
3594 144
3595 220
3596 220
3597 222
3598 221
3599 194
3600 221
3601 138
3602 147
3603 159
3604 150
3605 123
3606 214
3607 161
3608 176
3609 219
3610 218
3611 224
3612 217
3613 221
3614 146
3615 126
3616 181
3617 148
3618 177
3619 116
3620 220
3621 213
3622 224
3623 224
3624 215
3625 224
3626 144
3627 159
3628 150
3629 153
3630 168
3631 197
3632 186
3633 178
3634 222
3635 222
3636 224
3637 220
3638 224
3639 224
3640 109
3641 212
3642 206
3643 180
3644 195
3645 221
3646 201
3647 216
3648 224
3649 222
3650 216
3651 144
3652 142
3653 142
3654 157
3655 175
3656 210
3657 224
3658 164
3659 224
3660 224
3661 224
3662 219
3663 224
3664 148
3665 129
3666 224
3667 224
3668 173
3669 224
3670 220
3671 172
3672 217
3673 224
3674 224
3675 215
3676 128
3677 133
3678 131
3679 134
3680 164
3681 179
3682 187
3683 168
3684 222
3685 195
3686 214
3687 220
3688 211
3689 121
3690 131
3691 207
3692 223
3693 172
3694 215
3695 220
3696 181
3697 163
3698 203
3699 210
3700 203
3701 108
3702 192
3703 142
3704 121
3705 158
3706 137
3707 140
3708 170
3709 224
3710 131
3711 224
3712 220
3713 196
3714 140
3715 138
3716 192
3717 224
3718 176
3719 224
3720 199
3721 164
3722 137
3723 182
3724 212
3725 158
3726 217
3727 151
3728 136
3729 173
3730 194
3731 194
3732 165
3733 224
3734 203
3735 222
3736 224
3737 192
3738 203
3739 138
3740 203
3741 196
3742 205
3743 201
3744 197
3745 207
3746 176
3747 205
3748 222
3749 204
3750 204
